Date,Open,High,Low,Close,Adj Close,Volume
2017-01-03,35.669998,35.689999,34.910000,35.189999,31.253160,7296300
2017-01-04,35.340000,35.779999,35.259998,35.490002,31.519600,6651800
2017-01-05,35.500000,35.650002,35.259998,35.500000,31.528479,5148900
2017-01-06,35.389999,36.209999,35.320000,36.080002,32.043587,6322900
2017-01-09,36.090000,36.169998,35.250000,35.270000,31.324205,4680800
2017-01-10,35.419998,35.490002,35.009998,35.060001,31.137707,5340500
2017-01-11,35.200001,35.459999,35.119999,35.389999,31.430790,7248200
2017-01-12,35.419998,35.490002,35.220001,35.439999,31.475189,3591700
2017-01-13,35.389999,35.639999,35.240002,35.439999,31.475189,5052900
2017-01-17,35.549999,36.049999,35.520000,35.880001,31.865967,3931700
2017-01-18,35.799999,35.990002,35.599998,35.709999,31.714993,3016300
2017-01-19,35.610001,36.049999,35.419998,35.740002,31.741634,5024600
2017-01-20,35.779999,35.889999,35.549999,35.799999,31.794914,5318100
2017-01-23,35.849998,35.880001,35.240002,35.299999,31.350849,3636900
2017-01-24,35.270000,35.410000,35.099998,35.130001,31.199877,5209100
2017-01-25,35.340000,35.450001,35.180000,35.349998,31.395254,3905900
2017-01-26,35.400002,35.669998,35.150002,35.290001,31.341970,4521800
2017-01-27,35.439999,35.529999,35.020000,35.080002,31.155470,3247200
2017-01-30,35.139999,35.150002,34.799999,35.040001,31.119942,6187300
2017-01-31,35.040001,35.880001,34.990002,35.880001,31.865967,8093700
2017-02-01,35.660000,35.810001,35.040001,35.450001,31.484072,6460700
2017-02-02,35.439999,35.900002,35.360001,35.820000,31.812675,3924700
2017-02-03,35.779999,35.910000,35.660000,35.779999,31.777153,4284500
2017-02-06,35.889999,36.000000,35.660000,35.810001,31.803799,4029900
2017-02-07,35.840000,36.070000,35.759998,36.009998,31.981421,3843900
2017-02-08,35.250000,36.299999,34.970001,35.230000,31.288677,9603300
2017-02-09,35.230000,35.230000,34.470001,34.849998,30.951197,7608800
2017-02-10,34.750000,35.070000,34.700001,35.020000,31.102177,7374100
2017-02-13,34.770000,35.220001,34.770000,35.099998,31.467962,4848100
2017-02-14,35.439999,35.509998,34.910000,35.360001,31.701052,5540600
2017-02-15,35.049999,35.240002,34.849998,35.220001,31.575542,4043700
2017-02-16,35.220001,35.439999,35.130001,35.419998,31.754847,3519100
2017-02-17,35.459999,35.619999,35.090000,35.580002,31.898296,4963000
2017-02-21,35.389999,36.020000,35.250000,35.919998,32.203110,4476700
2017-02-22,35.849998,35.919998,35.389999,35.689999,31.996901,4302300
2017-02-23,35.830002,36.180000,35.730000,35.980000,32.256901,5224900
2017-02-24,36.150002,37.189999,35.950001,37.180000,33.332737,8184800
2017-02-27,37.090000,37.099998,36.400002,36.570000,32.785854,4554700
2017-02-28,36.470001,36.869999,36.450001,36.709999,32.911369,6048300
2017-03-01,36.320000,36.470001,36.009998,36.070000,32.337589,4748800
2017-03-02,35.990002,36.630001,35.860001,36.419998,32.651363,4467900
2017-03-03,36.410000,36.410000,35.910000,36.320000,32.561722,3186500
2017-03-06,36.200001,36.299999,35.980000,36.070000,32.337589,3668200
2017-03-07,36.189999,36.360001,36.020000,36.130001,32.391380,4397800
2017-03-08,35.810001,35.910000,35.509998,35.720001,32.023811,3954900
2017-03-09,35.700001,35.980000,35.650002,35.779999,32.077595,3319200
2017-03-10,35.950001,36.150002,35.720001,35.970001,32.247936,3525900
2017-03-13,35.970001,36.070000,35.799999,35.939999,32.221043,2899300
2017-03-14,35.869999,35.869999,35.560001,35.639999,31.952084,2926000
2017-03-15,35.790001,36.529999,35.700001,36.279999,32.525852,5205200
2017-03-16,36.060001,36.230000,35.889999,35.980000,32.256901,3584500
2017-03-17,36.070000,36.220001,35.930000,36.009998,32.283794,8375900
2017-03-20,36.110001,36.110001,35.439999,35.570000,31.889322,3690300
2017-03-21,35.490002,36.139999,35.380001,35.959999,32.238968,5446100
2017-03-22,36.099998,36.419998,36.099998,36.299999,32.543777,5441700
2017-03-23,36.200001,36.439999,35.919998,35.959999,32.238968,6282700
2017-03-24,35.880001,36.400002,35.869999,36.119999,32.382412,3605600
2017-03-27,36.259998,36.320000,35.660000,35.840000,32.131390,2349300
2017-03-28,35.520000,35.689999,35.369999,35.669998,31.978971,5913200
2017-03-29,35.700001,36.119999,35.299999,35.930000,32.212078,4624200
2017-03-30,35.790001,35.910000,35.490002,35.700001,32.005875,4002100
2017-03-31,35.750000,36.430000,35.650002,35.980000,32.256901,7149300
2017-04-03,35.950001,35.980000,35.529999,35.820000,32.113453,4660400
2017-04-04,35.799999,36.380001,35.720001,36.139999,32.400345,5037800
2017-04-05,35.880001,36.160000,35.759998,36.060001,32.328625,4620900
2017-04-06,36.000000,36.340000,35.740002,36.270000,32.516895,5709700
2017-04-07,36.310001,36.470001,35.930000,35.970001,32.247936,6055200
2017-04-10,36.000000,36.000000,35.689999,35.810001,32.104492,5195900
2017-04-11,35.750000,36.310001,35.570000,36.139999,32.400345,5238500
2017-04-12,35.970001,36.259998,35.759998,36.189999,32.445171,4755700
2017-04-13,36.139999,36.189999,35.820000,35.970001,32.247936,3607300
2017-04-17,35.980000,36.119999,35.840000,35.900002,32.185173,3149800
2017-04-18,35.910000,36.060001,35.720001,35.779999,32.077595,4456700
2017-04-19,35.790001,35.869999,35.360001,35.459999,31.790705,4743700
2017-04-20,35.459999,35.459999,34.830002,35.049999,31.423132,4362000
2017-04-21,35.049999,35.340000,35.009998,35.029999,31.405203,4469700
2017-04-24,35.200001,35.619999,34.970001,35.500000,31.826569,4433500
2017-04-25,35.340000,35.520000,34.840000,35.080002,31.450033,5341000
2017-04-26,35.040001,35.430000,34.900002,34.900002,31.288652,4041000
2017-04-27,34.919998,35.169998,34.799999,34.840000,31.234858,3901600
2017-04-28,34.840000,34.880001,34.529999,34.630001,31.046597,4112300
2017-05-01,34.650002,34.700001,34.209999,34.330002,30.777643,4269100
2017-05-02,34.389999,34.529999,34.119999,34.459999,30.894188,5067800
2017-05-03,34.590000,34.590000,33.680000,33.980000,30.463852,6639900
2017-05-04,33.950001,34.299999,33.880001,34.049999,30.526609,7059300
2017-05-05,34.180000,34.540001,34.160000,34.340000,30.786610,4030100
2017-05-08,34.380001,34.480000,34.169998,34.259998,30.714882,4791600
2017-05-09,34.189999,34.200001,33.570000,33.590000,30.114216,5082700
2017-05-10,33.669998,33.790001,33.450001,33.759998,30.266615,6002500
2017-05-11,33.459999,33.630001,33.299999,33.500000,30.328182,7576200
2017-05-12,33.650002,34.250000,33.500000,34.130001,30.898533,6341500
2017-05-15,34.360001,34.830002,34.340000,34.700001,31.414557,7363400
2017-05-16,34.610001,34.709999,34.279999,34.509998,31.242558,6011500
2017-05-17,34.509998,34.959999,34.430000,34.849998,31.550360,7043100
2017-05-18,34.959999,35.330002,34.520000,35.080002,31.758589,7903100
2017-05-19,35.160000,35.160000,34.779999,35.060001,31.740475,6212900
2017-05-22,34.910000,35.639999,34.910000,35.529999,32.165974,5684400
2017-05-23,35.520000,35.590000,35.290001,35.369999,32.021126,10759800
2017-05-24,35.450001,35.830002,35.340000,35.810001,32.419472,7702400
2017-05-25,35.930000,36.080002,35.700001,36.029999,32.618637,4420700
2017-05-26,36.009998,36.080002,35.730000,35.820000,32.428516,5699900
2017-05-30,35.720001,36.200001,35.660000,36.060001,32.645802,3836700
2017-05-31,36.080002,36.450001,35.980000,36.310001,32.872128,6339300
2017-06-01,36.250000,36.740002,36.099998,36.730000,33.252369,4479500
2017-06-02,36.799999,36.830002,36.419998,36.599998,33.134670,3311700
2017-06-05,36.560001,36.740002,36.380001,36.630001,33.161831,4369800
2017-06-06,36.750000,36.860001,36.540001,36.689999,33.216145,4482800
2017-06-07,36.680000,36.849998,36.549999,36.610001,33.143723,3950000
2017-06-08,36.610001,36.610001,36.240002,36.400002,32.953606,4130900
2017-06-09,36.400002,36.680000,36.320000,36.619999,33.152779,4057600
2017-06-12,36.660000,36.869999,36.389999,36.480000,33.026028,5442000
2017-06-13,36.480000,36.599998,36.369999,36.549999,33.089401,3980500
2017-06-14,36.790001,36.900002,36.590000,36.689999,33.216145,3140800
2017-06-15,36.669998,36.860001,36.509998,36.820000,33.333836,3228400
2017-06-16,36.880001,37.119999,36.869999,37.080002,33.569218,5540400
2017-06-19,37.139999,37.150002,36.650002,36.840000,33.351944,3879400
2017-06-20,36.810001,37.130001,36.689999,36.889999,33.397209,3971000
2017-06-21,36.950001,37.130001,36.500000,36.669998,33.198040,3445100
2017-06-22,36.610001,37.080002,36.610001,36.660000,33.188984,4253500
2017-06-23,36.660000,36.790001,36.450001,36.500000,33.044132,4374700
2017-06-26,36.660000,37.439999,36.580002,37.209999,33.686913,4873900
2017-06-27,36.959999,37.119999,36.580002,36.759998,33.279518,3978800
2017-06-28,36.869999,36.919998,36.130001,36.189999,32.763485,4919300
2017-06-29,35.990002,36.230000,35.799999,35.840000,32.446625,4829200
2017-06-30,35.919998,36.279999,35.830002,36.070000,32.654854,4505800
2017-07-03,36.200001,36.250000,35.590000,35.840000,32.446625,2314200
2017-07-05,35.840000,35.970001,35.380001,35.520000,32.156925,4003000
2017-07-06,35.439999,35.730000,35.369999,35.680000,32.301781,5980500
2017-07-07,35.700001,35.900002,35.500000,35.580002,32.211254,4383500
2017-07-10,35.590000,36.009998,35.590000,35.759998,32.374203,4393200
2017-07-11,35.820000,35.849998,35.509998,35.720001,32.337994,4269000
2017-07-12,36.009998,36.209999,35.939999,36.070000,32.654854,3481500
2017-07-13,35.970001,36.020000,35.660000,35.720001,32.337994,3468400
2017-07-14,35.959999,36.270000,35.939999,36.060001,32.645802,3073800
2017-07-17,36.490002,37.060001,36.450001,37.029999,33.523956,7359800
2017-07-18,37.049999,37.189999,36.910000,37.160000,33.641651,4828400
2017-07-19,37.250000,37.410000,37.060001,37.389999,33.849869,3318000
2017-07-20,37.450001,37.689999,37.310001,37.599998,34.039982,3379600
2017-07-21,37.560001,37.759998,37.320000,37.480000,33.931347,4373300
2017-07-24,37.480000,37.490002,37.110001,37.200001,33.677856,4827900
2017-07-25,37.270000,37.349998,36.930000,37.020000,33.514904,3904500
2017-07-26,37.020000,37.709999,36.950001,37.680000,34.112415,4667900
2017-07-27,37.730000,38.040001,37.540001,37.990002,34.393066,5253700
2017-07-28,37.970001,38.439999,37.880001,38.400002,34.764248,5686800
2017-07-31,38.389999,38.500000,38.240002,38.340000,34.709923,8144600
2017-08-01,38.480000,38.779999,38.419998,38.549999,34.900040,6353700
2017-08-02,38.189999,38.619999,37.720001,38.419998,34.782349,6033600
2017-08-03,38.380001,38.470001,38.189999,38.439999,34.800453,3869900
2017-08-04,38.220001,38.369999,37.959999,38.169998,34.556019,3888700
2017-08-07,38.150002,38.270000,38.049999,38.220001,34.601284,2558600
2017-08-08,38.130001,38.380001,38.029999,38.209999,34.592232,3391500
2017-08-09,38.419998,38.480000,37.700001,37.700001,34.130520,5622900
2017-08-10,37.709999,37.919998,37.560001,37.740002,34.166733,3928200
2017-08-11,37.500000,37.570000,37.250000,37.500000,34.247093,3653000
2017-08-14,37.560001,37.630001,37.410000,37.599998,34.338421,2775300
2017-08-15,37.400002,37.950001,37.400002,37.840000,34.557610,4521500
2017-08-16,37.840000,38.139999,37.779999,38.130001,34.822453,4175300
2017-08-17,38.060001,38.189999,37.590000,37.599998,34.338421,3654200
2017-08-18,37.570000,38.189999,37.480000,37.990002,34.694592,3853800
2017-08-21,38.060001,38.139999,37.840000,37.959999,34.667187,3094600
2017-08-22,37.990002,38.270000,37.959999,38.230000,34.913776,1899500
2017-08-23,38.200001,38.389999,38.070000,38.320000,34.995968,2752400
2017-08-24,38.310001,38.509998,38.130001,38.340000,35.014236,5958700
2017-08-25,38.490002,38.590000,38.290001,38.299999,34.977699,3193200
2017-08-28,38.369999,38.419998,37.980000,38.270000,34.950310,3883200
2017-08-29,38.290001,38.439999,38.160000,38.220001,34.904648,2429800
2017-08-30,38.220001,38.220001,37.799999,37.840000,34.557610,4002300
2017-08-31,38.000000,38.139999,37.820000,37.869999,34.585003,6435500
2017-09-01,37.950001,37.959999,37.419998,37.540001,34.283630,5859200
2017-09-05,37.590000,37.680000,37.439999,37.599998,34.338421,6174800
2017-09-06,37.759998,37.820000,37.480000,37.549999,34.292767,5036500
2017-09-07,37.650002,38.099998,37.580002,38.029999,34.731125,4234700
2017-09-08,37.970001,38.290001,37.900002,38.169998,34.858982,4466700
2017-09-11,38.139999,38.500000,38.040001,38.470001,35.132954,3289200
2017-09-12,38.349998,38.450001,37.540001,37.880001,34.594139,4713300
2017-09-13,37.910000,38.119999,37.779999,37.799999,34.521072,5369100
2017-09-14,37.689999,38.139999,37.590000,38.099998,34.795052,3907500
2017-09-15,38.119999,38.400002,37.490002,37.610001,34.347561,15250700
2017-09-18,37.590000,37.869999,37.080002,37.400002,34.155769,6812000
2017-09-19,37.400002,37.549999,37.029999,37.279999,34.046188,5360600
2017-09-20,37.380001,37.380001,36.630001,36.910000,33.708279,7924500
2017-09-21,36.900002,37.410000,36.860001,37.150002,33.927460,3446800
2017-09-22,37.250000,37.320000,36.930000,37.119999,33.900051,3383800
2017-09-25,37.139999,37.660000,37.020000,37.599998,34.338421,4546800
2017-09-26,37.520000,37.520000,37.160000,37.169998,33.945721,3972000
2017-09-27,37.000000,37.279999,36.880001,37.150002,33.927460,5833900
2017-09-28,37.000000,37.610001,36.830002,37.400002,34.155769,4253400
2017-09-29,37.480000,37.959999,37.439999,37.669998,34.402348,6891900
2017-10-02,37.810001,38.389999,37.650002,38.139999,34.831585,8714500
2017-10-03,38.119999,38.139999,37.549999,37.840000,34.557610,5183200
2017-10-04,37.849998,38.209999,37.689999,38.189999,34.877243,4971900
2017-10-05,38.200001,38.389999,37.990002,38.349998,35.023365,5434500
2017-10-06,38.119999,38.250000,37.930000,38.150002,34.840721,4122000
2017-10-09,38.160000,38.320000,37.980000,38.040001,34.740257,2484600
2017-10-10,38.169998,38.410000,38.009998,38.299999,34.977699,2403400
2017-10-11,37.930000,38.500000,37.930000,38.459999,35.123817,4909200
2017-10-12,38.400002,38.950001,38.250000,38.939999,35.562187,4733800
2017-10-13,39.000000,39.430000,38.919998,39.240002,35.836174,6376700
2017-10-16,39.150002,39.740002,38.980000,39.669998,36.228859,8555600
2017-10-17,39.560001,39.720001,39.220001,39.599998,36.164936,4238800
2017-10-18,39.580002,39.680000,39.349998,39.619999,36.183201,2726500
2017-10-19,39.599998,39.880001,39.439999,39.770000,36.320187,4810900
2017-10-20,39.750000,39.810001,39.340000,39.580002,36.146679,4235600
2017-10-23,39.590000,39.820000,39.389999,39.740002,36.292789,3653000
2017-10-24,39.740002,40.000000,39.599998,39.959999,36.493710,3808600
2017-10-25,39.869999,40.180000,39.310001,40.070000,36.594162,5144100
2017-10-26,40.250000,40.340000,39.869999,39.880001,36.420650,3993800
2017-10-27,39.810001,40.330002,39.740002,40.250000,36.758549,2783600
2017-10-30,40.070000,40.270000,39.939999,40.240002,36.749424,4885600
2017-10-31,40.220001,40.380001,40.099998,40.209999,36.722019,3692400
2017-11-01,40.320000,40.360001,39.980000,40.150002,36.667233,5210000
2017-11-02,40.099998,40.810001,39.470001,40.720001,37.187782,7794400
2017-11-03,40.750000,41.560001,40.560001,40.939999,37.388706,5709300
2017-11-06,40.970001,41.139999,40.619999,40.689999,37.160385,3895600
2017-11-07,40.730000,41.490002,40.660000,41.270000,37.690083,4183800
2017-11-08,41.290001,41.470001,40.840000,41.320000,37.735741,3815500
2017-11-09,41.209999,41.540001,41.029999,41.139999,37.571346,3580400
2017-11-10,40.860001,41.430000,40.860001,41.299999,37.717476,3881600
2017-11-13,41.380001,42.180000,41.299999,42.090000,38.438946,5310200
2017-11-14,41.750000,42.459999,41.590000,42.389999,39.016968,5278000
2017-11-15,42.459999,42.669998,41.680000,41.770000,38.446308,5777200
2017-11-16,41.599998,41.650002,41.110001,41.240002,37.958485,6987100
2017-11-17,41.189999,41.360001,41.060001,41.259998,37.976887,4821300
2017-11-20,41.320000,41.639999,41.209999,41.349998,38.059727,3799800
2017-11-21,41.459999,41.669998,41.340000,41.389999,38.096542,3081800
2017-11-22,41.439999,41.549999,41.209999,41.500000,38.197788,3058900
2017-11-24,41.500000,41.750000,41.470001,41.630001,38.317451,1432600
2017-11-27,41.700001,41.820000,41.459999,41.650002,38.335857,4359200
2017-11-28,41.779999,42.110001,41.740002,41.959999,38.621185,3857300
2017-11-29,41.830002,41.910000,41.490002,41.689999,38.372669,4487200
2017-11-30,41.750000,41.959999,41.430000,41.709999,38.391083,7346100
2017-12-01,41.889999,42.090000,41.259998,41.830002,38.501537,5908700
2017-12-04,41.889999,42.000000,41.419998,41.560001,38.253021,4939500
2017-12-05,41.580002,41.709999,40.950001,41.250000,37.967686,6139700
2017-12-06,41.480000,41.650002,40.779999,41.119999,37.848030,5383400
2017-12-07,41.139999,41.169998,39.549999,40.810001,37.562698,6814300
2017-12-08,40.619999,41.070000,40.369999,41.049999,37.783600,7950200
2017-12-11,41.090000,41.950001,41.090000,41.919998,38.584373,8716500
2017-12-12,41.779999,41.889999,40.959999,41.009998,37.746777,7943500
2017-12-13,41.000000,41.490002,40.860001,41.130001,37.857239,8641600
2017-12-14,40.980000,41.259998,40.610001,40.810001,37.562698,4694100
2017-12-15,40.860001,41.020000,40.680000,40.740002,37.498264,9017400
2017-12-18,40.889999,41.080002,40.389999,40.480000,37.258953,4976700
2017-12-19,40.580002,40.740002,39.610001,39.619999,36.467384,4474100
2017-12-20,39.580002,39.720001,38.970001,39.040001,35.933537,6077700
2017-12-21,38.869999,39.360001,38.759998,39.070000,35.961147,4014700
2017-12-22,39.189999,39.220001,38.970001,39.009998,35.905922,3529800
2017-12-26,39.119999,39.230000,38.779999,38.810001,35.721848,2040900
2017-12-27,38.970001,39.020000,38.770000,38.990002,35.887520,5023500
2017-12-28,38.930000,39.330002,38.930000,39.299999,36.172844,3744000
2017-12-29,39.439999,39.500000,39.250000,39.410000,36.274094,3118300
2018-01-02,39.540001,39.689999,39.259998,39.590000,36.439774,5153000
2018-01-03,39.369999,39.880001,38.770000,39.060001,35.951946,4814800
2018-01-04,38.970001,39.139999,38.490002,38.509998,35.445705,4729400
2018-01-05,38.720001,38.830002,38.070000,38.189999,35.151169,7142100
2018-01-08,38.279999,38.869999,38.230000,38.599998,35.528545,10782400
2018-01-09,38.549999,38.669998,37.740002,38.160000,35.123562,7664300
2018-01-10,38.020000,38.340000,37.820000,37.950001,34.930267,4914800
2018-01-11,38.220001,38.740002,38.049999,38.410000,35.353672,7431900
2018-01-12,38.330002,38.590000,38.009998,38.389999,35.335262,5095200
2018-01-16,38.470001,38.820000,38.099998,38.470001,35.408894,7737300
2018-01-17,38.590000,39.200001,38.549999,39.090000,35.979561,5931000
2018-01-18,39.000000,39.080002,38.169998,38.590000,35.519344,7048400
2018-01-19,38.750000,38.799999,37.900002,37.970001,34.948677,8464700
2018-01-22,38.220001,38.630001,37.919998,38.049999,35.022316,9460800
2018-01-23,38.419998,38.939999,38.320000,38.529999,35.464119,6438400
2018-01-24,38.470001,38.520000,38.119999,38.209999,35.169582,5488700
2018-01-25,38.340000,38.770000,38.250000,38.680000,35.602184,6889700
2018-01-26,38.849998,38.950001,38.439999,38.860001,35.767857,7514700
2018-01-29,38.709999,38.709999,38.160000,38.330002,35.280037,4654000
2018-01-30,38.330002,38.619999,38.090000,38.290001,35.243221,4606900
2018-01-31,38.299999,38.590000,38.099998,38.509998,35.445705,10075700
2018-02-01,38.529999,38.709999,37.770000,37.840000,34.829025,4894500
2018-02-02,37.750000,38.150002,37.639999,37.720001,34.718578,5533600
2018-02-05,37.720001,38.070000,36.830002,36.919998,33.982231,7002300
2018-02-06,36.509998,36.820000,35.570000,36.470001,33.568039,12573000
2018-02-07,36.470001,37.689999,36.090000,36.150002,33.273506,8553400
2018-02-08,36.160000,36.849998,35.950001,35.980000,33.117023,11328600
2018-02-09,36.150002,37.099998,35.869999,36.860001,33.927006,10826800
2018-02-12,36.900002,37.330002,36.560001,37.169998,34.212337,7420700
2018-02-13,37.040001,37.180000,36.419998,37.009998,34.065067,7408600
2018-02-14,36.570000,37.060001,36.220001,36.599998,34.004677,7662800
2018-02-15,36.720001,37.509998,36.619999,37.500000,34.840858,6799200
2018-02-16,37.599998,37.980000,37.430000,37.779999,35.100998,9447600
2018-02-20,37.730000,38.099998,37.470001,37.680000,35.008095,9892100
2018-02-21,37.680000,37.759998,37.020000,37.060001,34.432056,14813800
2018-02-22,37.180000,37.520000,36.930000,37.240002,34.599293,8085300
2018-02-23,37.360001,38.279999,37.180000,38.240002,35.528385,5400500
2018-02-26,38.290001,38.400002,37.860001,38.029999,35.333271,5324200
2018-02-27,38.029999,38.490002,37.240002,37.240002,34.599293,6734500
2018-02-28,37.299999,37.660000,37.040001,37.040001,34.413479,7602000
2018-03-01,37.180000,37.549999,36.650002,36.939999,34.320568,5238400
2018-03-02,36.970001,37.139999,36.500000,36.919998,34.301983,5339900
2018-03-05,36.849998,37.750000,36.669998,37.680000,35.008095,5684500
2018-03-06,37.689999,37.730000,37.020000,37.169998,34.534256,6534000
2018-03-07,37.049999,37.200001,36.570000,36.820000,34.209072,4875100
2018-03-08,36.860001,37.520000,36.740002,37.450001,34.794403,4566100
2018-03-09,37.490002,37.570000,37.009998,37.500000,34.840858,7714800
2018-03-12,37.549999,37.650002,37.220001,37.529999,34.868725,8515000
2018-03-13,37.669998,38.029999,37.209999,37.439999,34.785114,6515800
2018-03-14,37.509998,38.080002,37.509998,37.830002,35.147461,5338400
2018-03-15,37.830002,38.209999,37.700001,37.869999,35.184616,5461100
2018-03-16,37.959999,38.540001,37.900002,38.380001,35.658463,11779500
2018-03-19,38.430000,38.570000,37.910000,38.220001,35.509800,6117000
2018-03-20,38.290001,38.590000,38.150002,38.310001,35.593418,9898800
2018-03-21,38.360001,38.730000,37.950001,38.070000,35.370434,7642700
2018-03-22,38.099998,39.080002,38.099998,38.369999,35.649166,5613200
2018-03-23,38.419998,38.580002,37.630001,37.709999,35.035969,4704900
2018-03-26,37.900002,38.160000,37.750000,38.099998,35.398312,3397100
2018-03-27,38.139999,38.849998,37.990002,38.470001,35.742077,5743200
2018-03-28,38.580002,38.970001,38.459999,38.540001,35.807110,7685300
2018-03-29,38.810001,39.320000,38.759998,39.009998,36.243778,6223800
2018-04-02,39.099998,39.160000,37.970001,38.259998,35.546967,7398700
2018-04-03,38.250000,38.930000,38.180000,38.750000,36.002216,6064200
2018-04-04,38.660000,38.799999,38.250000,38.779999,36.030087,4286100
2018-04-05,38.799999,39.119999,38.410000,39.000000,36.234493,4428000
2018-04-06,38.980000,39.090000,38.450001,38.630001,35.890732,3475600
2018-04-09,38.709999,38.889999,38.490002,38.590000,35.853565,3835300
2018-04-10,38.580002,38.849998,38.410000,38.669998,35.927895,5597600
2018-04-11,38.650002,38.650002,38.389999,38.480000,35.751366,3765400
2018-04-12,38.119999,38.529999,37.450001,37.759998,35.082417,9585100
2018-04-13,38.060001,38.720001,38.029999,38.340000,35.621292,5489900
2018-04-16,38.520000,38.689999,38.270000,38.590000,35.853565,4767900
2018-04-17,38.700001,39.160000,38.619999,39.070000,36.299526,4973000
2018-04-18,39.180000,39.540001,38.939999,38.939999,36.178749,4157400
2018-04-19,38.900002,39.029999,38.580002,38.959999,36.197330,3196200
2018-04-20,38.990002,39.000000,38.400002,38.599998,35.862854,4593100
2018-04-23,38.720001,39.060001,38.490002,38.660000,35.918598,4383300
2018-04-24,38.840000,39.619999,38.740002,39.180000,36.401726,5237600
2018-04-25,39.009998,39.189999,38.700001,39.160000,36.383148,3818900
2018-04-26,39.220001,39.650002,39.150002,39.509998,36.708321,4011000
2018-04-27,39.419998,39.959999,39.410000,39.849998,37.024212,3301500
2018-04-30,39.919998,39.990002,39.610001,39.680000,36.866280,6805300
2018-05-01,40.000000,40.430000,39.880001,40.150002,37.302952,14136000
2018-05-02,40.380001,40.590000,39.919998,40.380001,37.516640,8072900
2018-05-03,40.299999,41.189999,40.040001,40.849998,37.953304,8154000
2018-05-04,40.900002,41.209999,40.880001,41.080002,38.167004,4187100
2018-05-07,41.130001,41.560001,41.099998,41.299999,38.371399,6937900
2018-05-08,41.169998,41.189999,40.570000,40.740002,37.851112,9583000
2018-05-09,40.709999,40.790001,39.910000,39.970001,37.135712,6292900
2018-05-10,40.299999,40.619999,40.160000,40.599998,37.721039,4839500
2018-05-11,40.549999,40.759998,40.349998,40.639999,37.758202,3393000
2018-05-14,40.450001,40.549999,40.080002,40.340000,37.800365,4226800
2018-05-15,40.080002,40.310001,39.869999,40.209999,37.678543,8295900
2018-05-16,40.110001,40.270000,39.580002,39.790001,37.284996,4343600
2018-05-17,39.840000,40.000000,39.250000,39.349998,36.872692,6401700
2018-05-18,39.419998,39.669998,39.099998,39.439999,36.957024,6491400
2018-05-21,39.540001,39.709999,39.110001,39.639999,37.144432,4903800
2018-05-22,39.630001,40.119999,39.619999,39.869999,37.359959,5331000
2018-05-23,39.950001,40.349998,39.900002,40.299999,37.762886,6601500
2018-05-24,40.180000,40.549999,39.939999,40.529999,37.978405,6119200
2018-05-25,40.490002,40.889999,40.419998,40.669998,38.109589,4390200
2018-05-29,40.490002,40.889999,40.330002,40.709999,38.147072,6144200
2018-05-30,40.680000,41.389999,40.450001,41.220001,38.624966,6727100
2018-05-31,41.169998,41.720001,40.910000,41.389999,38.784260,6176600
2018-06-01,41.389999,41.400002,40.410000,40.990002,38.409447,6910600
2018-06-04,41.090000,41.340000,40.419998,40.540001,37.987782,6684700
2018-06-05,40.700001,40.750000,40.230000,40.430000,37.884697,4926400
2018-06-06,40.650002,40.650002,39.650002,39.709999,37.210030,6190400
2018-06-07,39.740002,40.529999,39.630001,40.139999,37.612961,6097000
2018-06-08,40.080002,40.310001,39.740002,40.000000,37.481773,5415300
2018-06-11,40.000000,40.220001,39.730000,39.930000,37.416183,4346300
2018-06-12,39.930000,40.560001,39.910000,40.490002,37.940929,7251300
2018-06-13,40.610001,41.130001,40.360001,40.520000,37.969036,5449400
2018-06-14,40.520000,41.119999,40.400002,41.070000,38.484406,5081700
2018-06-15,40.970001,41.570000,40.580002,41.490002,38.877972,11009600
2018-06-18,41.430000,41.840000,41.430000,41.720001,39.093487,4843900
2018-06-19,41.750000,42.139999,41.250000,41.610001,38.990406,6770700
2018-06-20,41.700001,41.939999,41.410000,41.799999,39.168453,3896700
2018-06-21,41.709999,41.910000,41.189999,41.430000,38.821743,6895000
2018-06-22,41.590000,41.730000,41.349998,41.500000,38.887337,4468000
2018-06-25,41.590000,42.110001,41.490002,41.849998,39.215298,6911200
2018-06-26,41.950001,42.220001,41.799999,42.029999,39.383972,10904000
2018-06-27,42.029999,42.349998,41.900002,42.200001,39.543266,4392600
2018-06-28,42.330002,42.610001,42.110001,42.279999,39.618225,7746900
2018-06-29,42.340000,42.720001,42.029999,42.599998,39.918083,8975000
2018-07-02,42.669998,42.919998,42.349998,42.900002,40.199203,4362300
2018-07-03,42.889999,43.090000,42.580002,42.810001,40.114864,3059600
2018-07-05,42.900002,42.990002,42.639999,42.919998,40.217937,4142600
2018-07-06,42.910000,43.189999,42.779999,43.090000,40.377235,3588800
2018-07-09,43.160000,43.200001,41.680000,41.849998,39.215298,5951800
2018-07-10,41.500000,42.369999,41.459999,42.169998,39.515148,5310600
2018-07-11,42.279999,42.599998,41.200001,42.450001,39.777527,5569600
2018-07-12,42.490002,42.599998,41.959999,42.349998,39.683830,6071300
2018-07-13,42.470001,42.529999,42.040001,42.389999,39.721306,4771300
2018-07-16,42.279999,42.400002,41.959999,42.150002,39.496418,5423200
2018-07-17,42.200001,42.330002,41.889999,41.919998,39.280899,7740300
2018-07-18,41.959999,42.020000,41.599998,41.919998,39.280899,4893700
2018-07-19,42.000000,42.470001,42.000000,42.240002,39.580753,6098100
2018-07-20,42.049999,42.250000,41.770000,42.049999,39.402710,5407300
2018-07-23,42.169998,42.180000,41.459999,41.610001,38.990406,4235200
2018-07-24,41.500000,41.709999,40.970001,41.650002,39.027893,5165800
2018-07-25,41.619999,42.240002,41.599998,41.880001,39.243416,5319600
2018-07-26,42.090000,42.290001,41.939999,42.270000,39.608864,5699800
2018-07-27,42.299999,42.580002,42.029999,42.200001,39.543266,3011600
2018-07-30,42.160000,42.259998,41.650002,41.799999,39.168453,3420300
2018-07-31,41.959999,42.520000,41.730000,42.500000,39.824383,8493200
2018-08-01,42.180000,42.209999,41.720001,42.000000,39.355862,5461400
2018-08-02,42.160000,42.880001,41.959999,42.290001,39.627602,5087400
2018-08-03,42.360001,42.650002,42.139999,42.490002,39.815014,4424900
2018-08-06,42.439999,42.779999,42.369999,42.610001,39.927460,3964200
2018-08-07,42.660000,42.959999,42.250000,42.770000,40.077385,6130900
2018-08-08,42.700001,42.919998,42.500000,42.849998,40.152348,3428800
2018-08-09,42.869999,43.430000,42.750000,43.369999,40.639610,4579300
2018-08-10,43.470001,43.740002,43.060001,43.130001,40.414722,4463100
2018-08-13,43.169998,43.369999,43.009998,43.310001,40.583389,4431500
2018-08-14,43.060001,43.520000,43.000000,43.349998,40.947041,4349000
2018-08-15,43.439999,43.970001,43.380001,43.630001,41.211529,5868500
2018-08-16,43.619999,44.439999,43.570000,44.330002,41.872723,8266500
2018-08-17,44.299999,45.049999,44.240002,44.529999,42.061634,8284200
2018-08-20,44.290001,44.490002,44.090000,44.259998,41.806599,6398100
2018-08-21,44.320000,44.360001,43.820000,44.090000,41.646027,4388100
2018-08-22,44.200001,44.200001,43.630001,43.930000,41.494896,3020200
2018-08-23,43.919998,44.230000,43.779999,43.900002,41.466564,3377700
2018-08-24,43.919998,44.080002,43.610001,44.029999,41.589348,3374500
2018-08-27,44.119999,44.180000,43.419998,43.650002,41.230419,2722700
2018-08-28,43.520000,43.599998,43.270000,43.400002,40.994278,4561900
2018-08-29,43.840000,43.939999,43.580002,43.820000,41.390991,3054500
2018-08-30,43.889999,44.130001,43.750000,43.939999,41.504337,2868300
2018-08-31,43.930000,44.049999,43.450001,43.709999,41.287086,6528000
2018-09-04,44.090000,44.130001,43.849998,43.990002,41.551567,3128400
2018-09-05,44.040001,44.380001,43.990002,44.200001,41.749931,7031200
2018-09-06,44.450001,44.580002,44.180000,44.360001,41.901062,6306100
2018-09-07,44.110001,44.439999,43.860001,44.070000,41.627136,4752200
2018-09-10,44.270000,44.849998,44.169998,44.619999,42.146645,5083100
2018-09-11,44.290001,44.480000,43.970001,44.200001,41.749931,5325300
2018-09-12,44.250000,44.459999,44.060001,44.119999,41.674358,4665600
2018-09-13,44.110001,44.450001,43.860001,44.439999,41.976627,4495500
2018-09-14,44.340000,44.360001,43.840000,44.080002,41.636578,5272100
2018-09-17,44.380001,44.549999,44.169998,44.470001,42.004967,2977500
2018-09-18,44.340000,44.480000,44.029999,44.200001,41.749931,4448800
2018-09-19,44.270000,44.279999,42.950001,43.240002,40.843147,9961700
2018-09-20,43.169998,43.560001,42.919998,43.389999,40.984829,6070400
2018-09-21,43.299999,43.860001,43.130001,43.650002,41.230419,9479800
2018-09-24,43.590000,43.700001,43.169998,43.200001,40.805363,4501400
2018-09-25,43.290001,43.290001,42.439999,42.580002,40.219727,5618600
2018-09-26,42.689999,42.840000,42.189999,42.200001,39.860794,6259400
2018-09-27,42.240002,42.950001,42.200001,42.810001,40.436977,5984200
2018-09-28,42.930000,43.720001,42.840000,43.660000,41.239857,7179400
2018-10-01,43.459999,43.540001,43.200001,43.410000,41.003719,4646000
2018-10-02,43.549999,44.209999,43.500000,44.009998,41.570461,4842400
2018-10-03,43.950001,44.070000,42.730000,43.099998,40.710899,5375200
2018-10-04,43.020000,43.330002,42.560001,43.240002,40.843147,6419800
2018-10-05,43.240002,43.959999,43.139999,43.810001,41.381546,3426200
2018-10-08,43.970001,44.209999,43.480000,44.009998,41.570461,5684200
2018-10-09,43.860001,44.360001,43.630001,44.020000,41.579910,5522200
2018-10-10,43.919998,44.490002,43.549999,43.560001,41.145405,7095400
2018-10-11,43.689999,43.779999,42.500000,42.730000,40.361408,7274900
2018-10-12,42.820000,43.110001,42.439999,42.910000,40.531437,6870900
2018-10-15,42.959999,43.549999,42.830002,43.029999,40.644787,5579600
2018-10-16,43.009998,43.630001,42.889999,43.459999,41.050949,6220700
2018-10-17,43.459999,43.560001,42.830002,42.990002,40.607002,5078000
2018-10-18,43.009998,43.310001,42.799999,43.080002,40.692013,4454200
2018-10-19,43.230000,44.389999,43.150002,44.130001,41.683811,6480500
2018-10-22,43.730000,43.980000,43.400002,43.500000,41.088726,4664600
2018-10-23,43.570000,43.810001,43.200001,43.529999,41.117073,4566200
2018-10-24,43.869999,44.869999,43.590000,44.520000,42.052189,6200400
2018-10-25,44.209999,44.240002,43.500000,43.849998,41.419327,6512400
2018-10-26,44.029999,44.209999,43.240002,43.619999,41.202080,9369100
2018-10-29,43.560001,44.279999,43.560001,44.080002,41.636578,7000500
2018-10-30,44.790001,44.790001,43.930000,44.380001,41.919956,6306900
2018-10-31,44.230000,44.230000,43.529999,43.810001,41.381546,9034400
2018-11-01,43.939999,44.349998,43.320000,43.650002,41.230419,6728400
2018-11-02,43.840000,44.000000,43.020000,43.400002,40.994278,6109400
2018-11-05,43.830002,44.509998,43.560001,44.180000,41.731037,6375900
2018-11-06,44.220001,44.360001,43.689999,44.310001,41.853836,5168300
2018-11-07,44.520000,44.810001,44.139999,44.669998,42.193874,8457600
2018-11-08,44.779999,44.790001,44.189999,44.750000,42.269440,5577600
2018-11-09,44.830002,45.299999,44.610001,45.040001,42.543369,5877100
2018-11-12,44.830002,46.200001,44.779999,45.720001,43.185677,4588400
2018-11-13,45.830002,46.049999,45.490002,45.910000,43.365139,5406600
2018-11-14,45.389999,45.639999,45.040001,45.220001,43.036800,7175700
2018-11-15,44.910000,45.730000,44.560001,45.549999,43.350868,5346000
2018-11-16,46.169998,46.200001,45.580002,45.880001,43.664932,7807500
2018-11-19,45.919998,46.180000,45.799999,46.099998,43.874313,4664100
2018-11-20,46.250000,46.320000,45.290001,45.439999,43.246178,7274400
2018-11-21,45.290001,45.480000,44.770000,44.950001,42.779835,4441600
2018-11-23,45.000000,45.029999,44.529999,44.849998,42.684662,2555700
2018-11-26,44.939999,45.279999,44.660000,45.200001,43.017765,4335600
2018-11-27,45.209999,45.709999,45.070000,45.529999,43.331829,4028200
2018-11-28,45.660000,45.910000,45.180000,45.820000,43.607826,5132800
2018-11-29,45.849998,45.860001,45.070000,45.669998,43.465065,4179900
2018-11-30,45.810001,46.450001,45.630001,46.389999,44.150314,6869600
2018-12-03,46.349998,46.490002,46.020000,46.480000,44.235962,5675800
2018-12-04,46.709999,47.369999,46.520000,46.950001,44.683277,8820600
2018-12-06,46.950001,47.400002,46.090000,46.900002,44.635689,7284900
2018-12-07,46.869999,47.299999,46.279999,46.959999,44.692795,4612900
2018-12-10,46.799999,47.150002,46.000000,47.000000,44.730862,5067600
2018-12-11,47.080002,47.169998,46.660000,46.889999,44.626171,5193600
2018-12-12,47.009998,47.349998,46.820000,46.889999,44.626171,6789500
2018-12-13,46.880001,47.270000,46.790001,46.950001,44.683277,4429900
2018-12-14,46.980000,47.209999,46.770000,47.060001,44.787964,5333400
2018-12-17,47.090000,47.230000,45.470001,45.610001,43.407967,7154500
2018-12-18,45.869999,46.480000,45.590000,45.799999,43.588795,7041100
2018-12-19,45.880001,46.480000,45.480000,45.720001,43.512661,7485200
2018-12-20,45.820000,46.529999,45.250000,45.810001,43.598316,8255800
2018-12-21,45.799999,47.020000,45.680000,45.889999,43.674446,12078200
2018-12-24,45.880001,46.230000,43.650002,43.830002,41.713909,4136500
2018-12-26,43.849998,44.520000,43.099998,44.480000,42.332523,5415200
2018-12-27,44.250000,44.799999,43.500000,44.779999,42.618042,6312600
2018-12-28,44.880001,45.299999,44.610001,44.740002,42.579975,4977500
2018-12-31,44.779999,45.099998,44.450001,45.099998,42.922592,4283900
2019-01-02,44.779999,45.000000,43.849998,44.070000,41.942322,5402700
2019-01-03,44.180000,44.570000,43.880001,44.119999,41.989906,4713200
2019-01-04,43.590000,44.630001,43.509998,44.619999,42.465763,5540600
2019-01-07,44.320000,44.970001,44.180000,44.700001,42.541904,7544200
2019-01-08,44.720001,45.430000,44.529999,45.389999,43.198589,4606700
2019-01-09,45.189999,45.459999,44.830002,45.020000,42.846455,6265000
2019-01-10,45.150002,45.840000,44.910000,45.790001,43.579273,4414500
2019-01-11,45.740002,46.040001,45.490002,45.790001,43.579273,4782700
2019-01-14,45.340000,45.450001,44.549999,45.040001,42.865490,6814900
2019-01-15,44.930000,46.000000,44.930000,45.790001,43.579273,5051700
2019-01-16,45.520000,45.830002,45.290001,45.799999,43.588795,5571600
2019-01-17,45.830002,46.090000,45.599998,46.020000,43.798172,4138000
2019-01-18,46.099998,46.389999,45.900002,46.080002,43.855278,4821400
2019-01-22,46.020000,46.599998,45.779999,46.250000,44.017075,5264600
2019-01-23,46.299999,46.889999,46.259998,46.869999,44.607136,4620000
2019-01-24,47.000000,47.060001,46.500000,46.959999,44.692795,4438300
2019-01-25,46.779999,47.029999,46.240002,46.430000,44.188377,6726400
2019-01-28,46.470001,46.570000,45.810001,46.150002,43.921902,3555600
2019-01-29,46.299999,46.509998,46.040001,46.200001,43.969482,5140100
2019-01-30,46.119999,46.900002,46.110001,46.650002,44.397758,3786500
2019-01-31,46.599998,47.930000,46.459999,47.759998,45.454166,8023300
2019-02-01,47.669998,47.770000,47.119999,47.459999,45.168652,4859800
2019-02-04,47.209999,47.340000,46.799999,47.340000,45.054443,6413600
2019-02-05,47.259998,47.500000,47.029999,47.290001,45.006859,5072300
2019-02-06,47.119999,47.540001,46.990002,47.320000,45.035412,5118200
2019-02-07,47.360001,48.169998,47.169998,48.130001,45.806305,7132600
2019-02-08,46.160000,47.810001,46.029999,47.720001,45.416100,8799600
2019-02-11,47.660000,48.070000,47.590000,47.799999,45.492237,5659900
2019-02-12,47.910000,48.110001,47.490002,47.919998,45.606438,4610000
2019-02-13,47.799999,48.020000,47.770000,47.900002,45.587406,4375600
2019-02-14,47.849998,48.080002,47.529999,47.860001,45.549343,3876200
2019-02-15,48.180000,48.259998,47.930000,48.259998,45.930031,6128300
2019-02-19,48.040001,48.209999,47.709999,48.150002,46.172638,4836800
2019-02-20,48.009998,48.340000,47.799999,48.130001,46.153465,5817600
2019-02-21,47.860001,48.619999,47.830002,48.490002,46.498676,9513600
2019-02-22,48.599998,48.910000,48.450001,48.740002,46.738411,4250700
2019-02-25,48.959999,48.970001,48.189999,48.419998,46.431545,4001900
2019-02-26,48.639999,48.750000,48.279999,48.560001,46.565800,5395800
2019-02-27,48.349998,48.790001,48.240002,48.299999,46.316475,4955900
2019-02-28,48.220001,48.790001,48.090000,48.590000,46.594570,6281200
2019-03-01,48.700001,48.830002,48.330002,48.540001,46.546623,4724200
2019-03-04,48.660000,48.810001,48.099998,48.450001,46.460320,3729600
2019-03-05,48.360001,48.560001,48.259998,48.419998,46.431545,4382400
2019-03-06,48.450001,48.599998,48.160000,48.430000,46.441143,3542900
2019-03-07,48.610001,48.950001,48.480000,48.549999,46.556210,4137400
2019-03-08,48.599998,48.820000,48.310001,48.779999,46.776764,3405400
2019-03-11,48.790001,49.139999,48.689999,49.080002,47.064449,4504200
2019-03-12,49.180000,49.560001,49.139999,49.459999,47.428837,4840500
2019-03-13,49.430000,49.700001,49.349998,49.630001,47.591858,4653900
2019-03-14,49.630001,49.990002,49.419998,49.619999,47.582272,4097900
2019-03-15,49.549999,50.200001,49.430000,50.000000,47.946663,12012700
2019-03-18,50.009998,50.090000,49.470001,49.669998,47.630215,5582900
2019-03-19,49.630001,49.660000,48.840000,49.080002,47.064449,6530700
2019-03-20,49.230000,49.580002,48.900002,49.099998,47.083622,4776400
2019-03-21,49.099998,49.750000,48.980000,49.660000,47.620628,8557500
2019-03-22,49.720001,50.470001,49.630001,50.279999,48.215160,7286600
2019-03-25,50.310001,50.490002,50.060001,50.380001,48.311062,5892100
2019-03-26,50.560001,50.750000,50.320000,50.680000,48.598736,4179500
2019-03-27,50.709999,50.849998,50.209999,50.529999,48.454895,5146400
2019-03-28,50.580002,50.639999,49.599998,49.759998,47.716522,5403400
2019-03-29,49.709999,50.150002,49.590000,50.130001,48.071323,5692200
2019-04-01,50.340000,50.349998,49.439999,49.840000,47.793240,4213000
2019-04-02,50.320000,50.349998,49.900002,50.290001,48.224758,6380800
2019-04-03,50.250000,50.290001,49.810001,49.939999,47.889133,4315900
2019-04-04,50.060001,50.099998,49.490002,49.639999,47.601448,3986400
2019-04-05,49.709999,49.959999,49.520000,49.900002,47.850777,5030900
2019-04-08,49.869999,49.990002,49.439999,49.619999,47.582272,6370800
2019-04-09,49.540001,49.840000,49.349998,49.520000,47.486374,5267200
2019-04-10,49.950001,50.259998,49.520000,49.560001,47.524734,4489200
2019-04-11,49.480000,49.799999,49.380001,49.779999,47.735695,3576500
2019-04-12,49.650002,49.830002,49.200001,49.700001,47.658985,6541200
2019-04-15,49.810001,50.290001,49.709999,50.189999,48.128864,5035600
2019-04-16,50.080002,50.200001,49.099998,49.200001,47.179520,3682200
2019-04-17,49.290001,49.320000,48.790001,48.889999,46.882248,5184400
2019-04-18,49.000000,49.619999,48.820000,49.400002,47.371311,8692700
2019-04-22,49.490002,49.740002,49.310001,49.480000,47.448017,6105100
2019-04-23,49.520000,49.970001,49.310001,49.740002,47.697342,6573000
2019-04-24,49.790001,50.340000,49.730000,50.070000,48.013790,7003800
2019-04-25,49.880001,50.669998,49.799999,50.389999,48.320648,4185100
2019-04-26,50.630001,51.029999,50.459999,50.470001,48.397366,4971800
2019-04-29,50.369999,50.450001,49.680000,50.080002,48.023384,5297300
2019-04-30,50.209999,51.000000,49.970001,50.950001,48.857651,7601000
2019-05-01,50.759998,50.820000,50.279999,50.290001,48.224758,5495500
2019-05-02,50.669998,50.720001,49.230000,49.730000,47.687748,4707500
2019-05-03,49.750000,50.049999,49.590000,49.880001,47.831589,4597000
2019-05-06,49.930000,50.040001,49.250000,49.389999,47.361717,5252700
2019-05-07,49.320000,49.509998,48.889999,49.080002,47.064449,4655200
2019-05-08,48.950001,49.160000,48.430000,48.580002,46.584980,5553700
2019-05-09,48.680000,48.930000,48.330002,48.759998,46.757584,4447000
2019-05-10,48.779999,49.419998,48.490002,49.330002,47.304180,4062300
2019-05-13,49.209999,49.910000,49.139999,49.820000,47.774055,4122200
2019-05-14,49.380001,49.560001,48.910000,48.970001,47.303631,4933400
2019-05-15,49.009998,49.209999,48.740002,48.770000,47.110435,4516400
2019-05-16,48.810001,49.160000,48.639999,48.910000,47.245667,4584600
2019-05-17,48.520000,49.189999,48.520000,48.980000,47.313290,4125100
2019-05-20,49.099998,49.330002,48.799999,48.930000,47.264992,4538600
2019-05-21,48.980000,49.349998,48.790001,48.930000,47.264992,3871200
2019-05-22,49.020000,49.380001,48.810001,49.270000,47.593418,4696600
2019-05-23,49.290001,49.730000,49.200001,49.660000,47.970150,3656100
2019-05-24,49.669998,50.009998,49.520000,49.560001,47.873554,4196600
2019-05-28,49.580002,49.619999,48.669998,48.779999,47.120094,4299500
2019-05-29,48.930000,48.959999,48.139999,48.250000,46.608131,3623500
2019-05-30,48.349998,48.500000,47.959999,48.040001,46.405277,3271000
2019-05-31,48.040001,48.290001,47.680000,48.080002,46.443920,5138400
2019-06-03,48.310001,48.610001,47.990002,48.520000,46.868946,3738400
2019-06-04,48.509998,48.779999,47.700001,48.709999,47.052479,3402900
2019-06-05,48.910000,49.970001,48.799999,49.720001,48.028103,4549700
2019-06-06,49.730000,50.360001,49.619999,50.230000,48.520752,4637400
2019-06-07,50.770000,51.180000,49.950001,49.950001,48.250278,5780600
2019-06-10,49.959999,49.959999,49.250000,49.570000,47.883213,3739100
2019-06-11,49.439999,49.689999,48.919998,49.209999,47.535465,4177500
2019-06-12,49.389999,50.490002,49.110001,50.450001,48.733265,5176400
2019-06-13,50.529999,50.669998,49.820000,50.169998,48.462795,3781700
2019-06-14,50.180000,50.950001,50.070000,50.799999,49.071358,4110700
2019-06-17,50.770000,50.860001,50.240002,50.450001,48.733265,3999100
2019-06-18,50.610001,50.689999,49.520000,49.900002,48.201988,5449300
2019-06-19,49.660000,50.180000,49.320000,50.000000,48.298576,6665600
2019-06-20,50.119999,50.470001,49.669998,50.240002,48.530415,4882600
2019-06-21,50.169998,50.459999,49.799999,50.400002,48.684967,8194800
2019-06-24,50.240002,50.570000,49.889999,50.160000,48.453133,5140500
2019-06-25,50.020000,50.099998,49.000000,49.040001,47.371250,5656000
2019-06-26,48.860001,48.990002,47.759998,47.790001,46.163784,6191200
2019-06-27,47.980000,48.070000,47.380001,47.560001,45.941608,6226100
2019-06-28,47.590000,48.060001,47.500000,47.939999,46.308678,6728400
2019-07-01,47.970001,48.139999,47.500000,48.049999,46.414932,4397000
2019-07-02,48.160000,48.840000,48.119999,48.830002,47.168396,7305100
2019-07-03,48.880001,49.209999,48.709999,49.029999,47.361584,3560800
2019-07-05,48.700001,49.259998,48.189999,49.200001,47.525803,4583400
2019-07-08,49.150002,49.259998,48.580002,48.770000,47.110435,6751800
2019-07-09,48.770000,49.080002,48.419998,48.980000,47.313290,5700000
2019-07-10,49.189999,49.799999,48.980000,49.369999,47.690018,6124500
2019-07-11,49.419998,49.570000,49.000000,49.540001,47.854233,4379900
2019-07-12,49.619999,49.709999,49.020000,49.060001,47.390572,3981700
2019-07-15,49.009998,49.209999,48.680000,48.880001,47.216690,4945900
2019-07-16,48.810001,49.070000,48.070000,48.400002,46.753029,5742000
2019-07-17,48.650002,48.860001,48.439999,48.599998,46.946217,3983400
2019-07-18,48.720001,48.860001,48.310001,48.759998,47.100773,4691400
2019-07-19,48.619999,48.720001,47.529999,47.570000,45.951267,6827000
2019-07-22,47.689999,47.779999,47.070000,47.279999,45.671139,5328900
2019-07-23,47.200001,47.259998,46.230000,46.360001,44.782444,7742100
2019-07-24,46.150002,46.299999,45.110001,45.480000,43.932388,10354600
2019-07-25,45.500000,46.270000,45.200001,46.130001,44.560272,8945700
2019-07-26,46.240002,46.480000,45.810001,45.820000,44.260815,5525900
2019-07-29,45.900002,46.209999,45.459999,46.049999,44.482990,6875300
2019-07-30,46.060001,46.439999,45.869999,46.049999,44.482990,4200500
2019-07-31,46.040001,46.080002,44.900002,45.060001,43.526684,6978400
2019-08-01,44.040001,45.150002,43.689999,44.400002,42.889137,7890400
2019-08-02,44.570000,45.459999,44.500000,44.750000,43.227226,7878900
2019-08-05,44.810001,45.310001,44.310001,44.419998,42.908455,9973900
2019-08-06,44.540001,45.380001,44.220001,45.209999,43.671570,7561600
2019-08-07,45.130001,45.360001,44.330002,45.009998,43.478382,5055600
2019-08-08,44.980000,45.459999,44.730000,45.419998,43.874428,5158500
2019-08-09,45.610001,45.790001,45.130001,45.200001,43.661919,5661700
2019-08-12,45.209999,45.480000,44.830002,45.200001,43.661919,6072800
2019-08-13,45.279999,45.770000,44.770000,45.520000,43.971027,6680900
2019-08-14,45.070000,45.160000,44.250000,44.480000,43.311806,5664000
2019-08-15,44.419998,44.959999,44.320000,44.650002,43.477345,5173500
2019-08-16,44.820000,45.180000,44.599998,45.130001,43.944736,5429100
2019-08-19,45.200001,45.450001,44.939999,45.279999,44.090797,3984500
2019-08-20,45.380001,45.389999,44.900002,45.209999,44.022633,6164800
2019-08-21,45.220001,45.590000,45.049999,45.439999,44.246593,3780500
2019-08-22,45.439999,45.689999,45.209999,45.520000,44.324490,3670500
2019-08-23,45.340000,45.630001,44.700001,44.880001,43.701305,6978000
2019-08-26,45.029999,45.689999,44.889999,45.680000,44.480289,3979400
2019-08-27,46.599998,47.000000,46.209999,46.240002,45.025585,9734400
2019-08-28,46.169998,46.520000,46.029999,46.430000,45.210594,5309200
2019-08-29,46.680000,46.779999,46.320000,46.750000,45.522186,3595300
2019-08-30,46.970001,47.470001,46.759998,47.259998,46.018795,5474400
2019-09-03,47.080002,47.950001,46.970001,47.919998,46.661457,5705100
2019-09-04,48.189999,48.240002,47.650002,48.000000,46.739361,5124500
2019-09-05,47.790001,48.279999,47.650002,48.119999,46.856209,9220000
2019-09-06,48.570000,48.770000,47.959999,48.119999,46.856209,4812700
2019-09-09,47.919998,48.250000,47.779999,48.029999,46.768570,4996600
2019-09-10,47.930000,48.470001,47.849998,48.349998,47.080166,6037000
2019-09-11,48.259998,48.759998,47.950001,48.730000,47.450184,3625900
2019-09-12,49.000000,49.090000,47.869999,47.880001,46.622513,7599700
2019-09-13,47.599998,47.880001,46.639999,47.270000,46.028534,8184100
2019-09-16,47.270000,47.400002,46.970001,47.380001,46.135643,4223100
2019-09-17,47.290001,47.650002,47.070000,47.290001,46.048008,5617300
2019-09-18,47.520000,48.020000,47.480000,47.939999,46.680935,3624500
2019-09-19,48.080002,48.080002,47.619999,47.799999,46.544613,3650400
2019-09-20,48.020000,48.590000,47.959999,48.450001,47.177544,10352000
2019-09-23,48.279999,48.419998,48.070000,48.310001,47.041222,4742400
2019-09-24,48.540001,49.020000,48.470001,48.799999,47.518349,4921900
2019-09-25,48.790001,49.049999,48.480000,49.009998,47.722832,4519500
2019-09-26,49.049999,49.320000,48.770000,49.180000,47.888367,3835800
2019-09-27,49.230000,49.230000,48.279999,48.580002,47.304131,4642700
2019-09-30,48.590000,48.799999,48.220001,48.310001,47.041222,3896000
2019-10-01,48.240002,48.349998,47.810001,47.980000,46.719887,4677200
2019-10-02,48.049999,48.110001,47.529999,47.619999,46.369339,4271000
2019-10-03,47.740002,47.779999,47.349998,47.720001,46.466717,4837800
2019-10-04,47.950001,48.490002,47.660000,48.450001,47.177544,3353400
2019-10-07,48.230000,48.580002,47.980000,48.459999,47.187275,4686700
2019-10-08,48.169998,48.450001,47.750000,47.770000,46.515400,4383400
2019-10-09,47.750000,48.110001,47.599998,47.910000,46.651726,3048100
2019-10-10,47.680000,47.730000,47.090000,47.419998,46.174591,4937300
2019-10-11,47.549999,47.939999,47.439999,47.509998,46.262226,4413000
2019-10-14,47.610001,47.660000,46.900002,47.110001,45.872734,2668400
2019-10-15,47.130001,47.369999,46.930000,47.060001,45.824047,3398100
2019-10-16,46.750000,46.750000,44.740002,44.910000,43.730515,11579300
2019-10-17,44.299999,44.380001,43.419998,44.060001,42.902840,19579600
2019-10-18,44.000000,44.770000,43.919998,44.669998,43.496815,20311100
2019-10-21,44.779999,44.880001,44.450001,44.709999,43.535767,7384700
2019-10-22,44.970001,45.270000,44.590000,45.250000,44.061581,8537100
2019-10-23,45.509998,45.790001,45.160000,45.650002,44.451080,8712600
2019-10-24,45.560001,46.259998,45.560001,46.180000,44.967159,6880200
2019-10-25,46.119999,46.240002,45.610001,45.889999,44.684772,6382400
2019-10-28,45.830002,45.889999,45.439999,45.599998,44.402393,6367500
2019-10-29,45.580002,45.970001,45.369999,45.860001,44.655567,5435000
2019-10-30,45.820000,46.669998,45.740002,46.660000,45.434551,7566400
2019-10-31,46.500000,46.680000,45.130001,45.490002,44.295280,8255900
2019-11-01,45.439999,45.919998,45.240002,45.340000,44.149220,5635300
2019-11-04,45.450001,45.529999,44.279999,44.500000,43.331280,6669900
2019-11-05,44.480000,44.990002,44.310001,44.779999,43.603928,6964000
2019-11-06,44.820000,45.130001,44.639999,44.820000,43.642876,6248000
2019-11-07,44.610001,44.790001,44.349998,44.700001,43.526028,4802700
2019-11-08,44.570000,44.869999,44.360001,44.709999,43.535767,4151700
2019-11-11,44.669998,44.709999,43.919998,44.020000,42.863892,3656400
2019-11-12,44.020000,44.529999,43.959999,44.320000,43.156010,4475100
2019-11-13,44.400002,44.790001,44.320000,44.500000,43.331280,4502600
2019-11-14,44.119999,44.660000,44.020000,44.630001,43.815285,4796300
2019-11-15,44.799999,45.040001,44.509998,45.020000,44.198166,4590200
2019-11-18,45.180000,45.599998,44.970001,45.410000,44.581047,6309600
2019-11-19,45.509998,45.840000,45.259998,45.369999,44.541771,9670200
2019-11-20,45.200001,45.439999,44.529999,45.360001,44.531956,25332600
2019-11-21,45.200001,45.360001,44.259998,44.389999,43.579662,8430600
2019-11-22,44.570000,44.590000,44.070000,44.430000,43.618935,5850000
2019-11-25,44.430000,44.599998,44.110001,44.169998,43.363678,8003400
2019-11-26,44.099998,44.250000,43.810001,44.009998,43.206600,11002700
2019-11-27,44.099998,44.330002,43.820000,44.270000,43.461853,4184200
2019-11-29,44.330002,44.619999,44.200001,44.400002,43.589481,3903500
2019-12-02,44.299999,44.419998,43.849998,43.910000,43.108425,7091000
2019-12-03,44.180000,44.310001,43.810001,44.259998,43.452034,6230500
2019-12-04,44.090000,44.669998,44.040001,44.540001,43.726925,5136300
2019-12-05,44.650002,44.889999,44.240002,44.860001,44.041084,5841100
2019-12-06,44.840000,45.299999,44.610001,44.860001,44.041084,4442800
2019-12-09,44.910000,45.040001,44.680000,44.930000,44.109806,3413700
2019-12-10,45.049999,45.150002,44.680000,44.720001,43.903641,5683600
2019-12-11,44.490002,44.630001,44.009998,44.200001,43.393131,5592500
2019-12-12,44.250000,44.540001,43.810001,44.099998,43.294956,6879100
2019-12-13,44.099998,44.130001,43.570000,43.820000,43.020069,7198800
2019-12-16,43.990002,44.759998,43.950001,44.700001,43.884003,7291800
2019-12-17,44.919998,45.090000,44.430000,44.980000,44.158890,7252800
2019-12-18,45.150002,45.400002,44.470001,45.369999,44.541771,6446000
2019-12-19,45.259998,45.400002,44.400002,44.980000,44.158890,9138700
2019-12-20,45.349998,45.730000,44.980000,45.450001,44.620316,11962700
2019-12-23,45.450001,45.590000,44.840000,45.200001,44.374878,6659700
2019-12-24,45.279999,45.439999,45.090000,45.320000,44.492687,1960800
2019-12-26,45.189999,45.520000,45.139999,45.320000,44.492687,3432000
2019-12-27,45.400002,45.529999,45.150002,45.410000,44.581047,3493500
2019-12-30,45.400002,45.709999,45.240002,45.380001,44.551590,3621000