Date,Open,High,Low,Close,Adj Close,Volume
2017-01-03,186.570007,189.669998,186.570007,187.699997,179.458420,1708400
2017-01-04,188.500000,189.399994,187.360001,188.710007,180.424088,1290300
2017-01-05,188.710007,190.369995,187.949997,188.410004,180.137253,1207800
2017-01-06,188.110001,191.740005,187.899994,190.250000,181.896469,1658400
2017-01-09,189.580002,190.529999,189.009995,189.690002,181.361053,1279200
2017-01-10,189.059998,189.899994,188.350006,188.419998,180.146774,1358100
2017-01-11,188.250000,189.440002,188.000000,189.240005,180.930817,1045300
2017-01-12,188.660004,188.869995,186.339996,187.380005,179.152466,1177900
2017-01-13,187.789993,188.699997,186.679993,187.009995,178.798737,1140600
2017-01-17,186.119995,186.740005,184.440002,186.050003,177.880859,1343800
2017-01-18,186.440002,187.979996,185.750000,187.229996,179.009048,903000
2017-01-19,187.270004,188.100006,185.679993,186.169998,177.995605,1061300
2017-01-20,186.020004,187.000000,184.369995,185.729996,177.574951,2192900
2017-01-23,185.809998,186.710007,184.300003,185.460007,177.316788,1070500
2017-01-24,185.509995,191.990005,185.509995,191.610001,183.196716,2138500
2017-01-25,191.600006,194.020004,190.610001,192.949997,184.477890,1807000
2017-01-26,192.309998,192.940002,191.139999,192.580002,184.124146,1067600
2017-01-27,192.770004,196.419998,191.800003,195.919998,187.317490,1991400
2017-01-30,195.479996,195.479996,191.179993,193.250000,184.764740,2304100
2017-01-31,190.279999,190.479996,186.160004,189.110001,180.806488,2952300
2017-02-01,189.279999,189.300003,184.710007,186.270004,178.091202,2076100
2017-02-02,186.119995,186.919998,183.869995,184.610001,176.504074,1461900
2017-02-03,186.089996,188.940002,185.389999,188.210007,179.946030,1356300
2017-02-06,190.429993,190.750000,187.729996,188.199997,179.936447,1352500
2017-02-07,188.199997,188.669998,187.190002,188.020004,179.764374,1158500
2017-02-08,187.750000,188.279999,186.809998,187.960007,179.707016,955600
2017-02-09,187.960007,190.119995,187.830002,188.570007,180.290207,1347800
2017-02-10,188.779999,191.000000,188.309998,190.860001,182.479675,1188300
2017-02-13,191.050003,193.149994,190.630005,192.570007,184.114594,1068300
2017-02-14,192.089996,193.070007,191.330002,192.460007,184.009445,945300
2017-02-15,192.770004,194.789993,192.220001,194.669998,186.122360,1308700
2017-02-16,194.380005,194.720001,192.160004,193.350006,184.860352,1143800
2017-02-17,192.800003,193.699997,192.300003,193.699997,185.194977,808100
2017-02-21,194.369995,195.570007,193.759995,195.360001,186.782089,1269600
2017-02-22,194.419998,194.500000,192.610001,193.830002,185.319275,2126100
2017-02-23,194.000000,194.500000,190.710007,191.179993,182.785599,1806500
2017-02-24,190.740005,193.110001,190.119995,193.110001,184.630890,2209900
2017-02-27,192.970001,194.429993,191.770004,194.369995,185.835556,1777000
2017-02-28,194.470001,195.399994,192.910004,192.979996,184.506561,1788200
2017-03-01,194.889999,198.600006,194.889999,197.419998,188.751633,2212700
2017-03-02,196.979996,196.990005,194.229996,194.710007,186.160675,1786400
2017-03-03,194.539993,195.289993,193.960007,194.350006,185.816452,819900
2017-03-06,194.000000,195.429993,193.339996,193.949997,185.433975,925100
2017-03-07,193.850006,194.600006,192.369995,192.910004,184.439682,1217600
2017-03-08,193.110001,193.839996,192.039993,192.919998,184.449249,1206800
2017-03-09,192.699997,192.899994,189.899994,191.309998,183.289917,1406200
2017-03-10,192.449997,193.360001,190.389999,192.149994,184.094742,1226600
2017-03-13,191.869995,193.240005,191.389999,193.119995,185.024094,1283000
2017-03-14,192.899994,193.029999,190.979996,191.380005,183.357025,1352200
2017-03-15,191.949997,194.259995,191.500000,193.259995,185.158234,1412100
2017-03-16,193.389999,194.000000,192.440002,193.110001,185.014496,1244000
2017-03-17,193.889999,196.089996,192.380005,194.589996,186.432465,2390700
2017-03-20,195.050003,195.509995,192.179993,192.270004,184.209702,2189300
2017-03-21,193.089996,193.860001,191.679993,191.839996,183.797714,3352300
2017-03-22,195.669998,197.479996,192.500000,195.919998,187.706680,6132700
2017-03-23,195.000000,195.139999,189.100006,189.190002,181.258804,3489800
2017-03-24,189.339996,190.309998,187.229996,188.119995,180.233688,2862300
2017-03-27,186.789993,187.619995,184.300003,187.039993,179.198944,2405900
2017-03-28,187.000000,190.490005,187.000000,189.889999,181.929489,1675600
2017-03-29,189.440002,191.660004,189.149994,190.919998,182.916321,1648300
2017-03-30,192.500000,194.339996,191.679993,194.169998,186.030045,1890800
2017-03-31,193.949997,196.229996,193.220001,195.149994,186.968964,2175500
2017-04-03,195.860001,197.199997,194.399994,195.360001,187.170151,1796500
2017-04-04,195.059998,196.580002,194.649994,196.270004,188.042023,1866400
2017-04-05,197.000000,199.169998,195.500000,195.850006,187.639618,1651300
2017-04-06,196.000000,197.259995,195.639999,195.990005,187.773727,1410500
2017-04-07,195.539993,196.880005,195.369995,195.649994,187.448013,1612000
2017-04-10,196.130005,197.229996,195.229996,195.759995,187.553360,1152400
2017-04-11,195.050003,195.130005,192.679993,192.990005,184.899536,2393500
2017-04-12,193.119995,193.229996,186.149994,186.309998,178.499557,3427400
2017-04-13,186.490005,186.800003,183.710007,183.729996,176.027695,2691600
2017-04-17,184.369995,185.899994,183.070007,185.539993,177.761856,2372600
2017-04-18,184.860001,185.779999,183.550003,183.610001,175.912750,1525900
2017-04-19,185.139999,186.070007,182.889999,183.559998,175.864853,1567300
2017-04-20,184.639999,186.949997,183.789993,186.479996,178.662415,1672200
2017-04-21,186.979996,187.649994,185.199997,185.279999,177.512741,1725000
2017-04-24,187.500000,188.660004,187.309998,188.559998,180.655258,1533400
2017-04-25,189.199997,190.589996,188.600006,188.970001,181.048065,1472600
2017-04-26,189.059998,191.059998,188.630005,189.580002,181.632492,1598000
2017-04-27,190.000000,192.369995,188.740005,191.710007,183.673172,2119500
2017-04-28,192.089996,192.320007,188.770004,189.699997,181.747452,1377500
2017-05-01,189.910004,190.289993,188.160004,188.229996,180.339081,1349700
2017-05-02,188.649994,189.740005,188.240005,189.029999,181.105530,1159500
2017-05-03,189.039993,190.119995,188.449997,189.919998,181.958252,805000
2017-05-04,190.369995,191.229996,189.880005,191.190002,183.174973,1361500
2017-05-05,191.509995,192.800003,190.729996,192.419998,184.353409,1116500
2017-05-08,192.119995,192.119995,190.820007,191.110001,183.098358,1054700
2017-05-09,191.360001,191.619995,189.639999,190.789993,182.791763,1129500
2017-05-10,190.539993,191.000000,189.009995,189.750000,181.795334,971000
2017-05-11,189.139999,191.160004,187.940002,190.839996,182.839661,1328700
2017-05-12,189.779999,192.070007,189.779999,191.660004,183.625290,1352300
2017-05-15,191.880005,195.940002,191.270004,194.759995,186.595306,2088500
2017-05-16,194.839996,195.250000,194.029999,194.139999,186.001343,1069200
2017-05-17,194.139999,194.139999,187.070007,187.490005,179.630081,2284400
2017-05-18,188.500000,190.740005,186.000000,188.729996,180.818100,1604700
2017-05-19,189.300003,191.190002,188.750000,189.369995,181.431259,1308100
2017-05-22,190.389999,191.899994,189.440002,191.649994,183.615677,1083800
2017-05-23,191.679993,193.309998,190.929993,193.059998,184.966568,907000
2017-05-24,193.429993,193.899994,192.600006,193.270004,185.167755,715800
2017-05-25,193.699997,194.940002,192.929993,194.809998,186.643204,1357600
2017-05-26,193.770004,194.940002,193.580002,194.259995,186.116287,758000
2017-05-30,193.820007,194.979996,192.679993,193.880005,185.752197,1083500
2017-05-31,194.279999,194.300003,191.929993,193.839996,185.713913,1303100
2017-06-01,194.580002,198.750000,193.940002,198.360001,190.044403,1420100
2017-06-02,199.039993,204.889999,198.850006,203.110001,194.595245,3027100
2017-06-05,202.669998,204.399994,202.059998,202.250000,193.771317,1721000
2017-06-06,201.289993,204.910004,200.839996,203.169998,194.652756,2120100
2017-06-07,203.300003,206.309998,202.419998,206.149994,197.507813,2175700
2017-06-08,206.149994,206.929993,204.300003,205.839996,197.210815,1975200
2017-06-09,205.889999,207.110001,204.949997,206.399994,197.747345,1511100
2017-06-12,206.139999,209.350006,205.259995,209.119995,200.353333,1841300
2017-06-13,209.899994,210.649994,208.449997,209.419998,200.640778,1210800
2017-06-14,210.119995,210.119995,207.690002,208.899994,200.142517,1110300
2017-06-15,207.839996,210.820007,207.759995,210.449997,201.627563,1281100
2017-06-16,210.850006,211.880005,209.570007,210.500000,201.675446,1842200
2017-06-19,211.229996,211.419998,208.600006,210.949997,202.106628,2318000
2017-06-20,210.440002,211.000000,208.949997,208.949997,200.666092,2344600
2017-06-21,208.000000,213.860001,205.500000,212.300003,203.883301,3534300
2017-06-22,209.800003,212.669998,208.610001,211.630005,203.239822,2027300
2017-06-23,211.389999,216.960007,211.259995,215.350006,206.812347,2547200
2017-06-26,216.389999,217.289993,215.000000,215.360001,206.821976,1246600
2017-06-27,215.029999,216.130005,214.289993,214.330002,205.832779,1541500
2017-06-28,216.190002,217.330002,215.289993,217.149994,208.540985,1463300
2017-06-29,217.000000,217.000000,215.000000,215.229996,206.697098,1574000
2017-06-30,216.479996,218.360001,216.059998,217.330002,208.713852,1412800
2017-07-03,218.490005,219.279999,217.380005,217.380005,208.761856,991600
2017-07-05,217.399994,219.360001,217.029999,218.309998,209.654984,1169200
2017-07-06,217.300003,218.000000,214.639999,215.029999,206.505035,1501100
2017-07-07,216.270004,218.990005,215.389999,218.509995,209.847107,1069200
2017-07-10,218.000000,219.990005,217.710007,218.869995,210.192780,1018200
2017-07-11,219.089996,219.259995,216.360001,217.539993,208.915527,1164900
2017-07-12,218.869995,219.250000,217.869995,218.320007,209.664597,1031600
2017-07-13,218.360001,218.539993,217.210007,217.970001,209.328491,977800
2017-07-14,217.250000,219.449997,216.889999,219.059998,210.375259,1000100
2017-07-17,215.250000,216.470001,211.529999,215.479996,206.937195,2838900
2017-07-18,215.160004,215.160004,210.949997,211.039993,202.673203,2231000
2017-07-19,211.130005,212.949997,210.100006,212.880005,204.440277,2616200
2017-07-20,213.199997,213.470001,211.339996,211.880005,203.479950,1975900
2017-07-21,210.800003,212.610001,209.710007,212.509995,204.084946,1235700
2017-07-24,212.089996,213.399994,211.630005,212.679993,204.248184,1035900
2017-07-25,213.779999,215.589996,213.649994,214.369995,205.871201,898300
2017-07-26,214.809998,214.850006,213.460007,213.630005,205.160522,669200
2017-07-27,213.250000,213.770004,206.220001,207.539993,199.311966,2374100
2017-07-28,207.660004,208.949997,206.690002,208.039993,199.792145,1076400
2017-07-31,208.369995,208.820007,207.710007,208.029999,199.782532,828900
2017-08-01,208.960007,209.410004,205.910004,206.710007,198.514893,1176900
2017-08-02,207.000000,209.679993,206.300003,209.500000,201.194275,1359900
2017-08-03,209.130005,209.720001,208.279999,209.360001,201.059814,1091000
2017-08-04,209.220001,210.479996,206.419998,209.320007,201.021408,1450000
2017-08-07,209.000000,209.000000,207.589996,208.369995,200.109070,988400
2017-08-08,208.550003,209.449997,206.720001,207.000000,198.793411,1255300
2017-08-09,206.580002,206.649994,204.649994,206.179993,198.005875,1018700
2017-08-10,205.800003,206.000000,203.529999,203.550003,195.480148,1110200
2017-08-11,203.389999,206.809998,203.130005,204.869995,196.747803,1136600
2017-08-14,205.949997,208.029999,205.949997,207.860001,199.619293,1105200
2017-08-15,208.509995,210.259995,208.029999,209.070007,200.781311,723000
2017-08-16,209.429993,210.990005,209.339996,209.630005,201.319122,709700
2017-08-17,209.000000,209.440002,205.369995,205.369995,197.228012,1028600
2017-08-18,205.220001,207.570007,204.690002,206.000000,197.833038,930400
2017-08-21,206.000000,206.600006,204.869995,206.330002,198.149948,980800
2017-08-22,207.000000,209.600006,206.809998,209.279999,200.982986,701500
2017-08-23,208.320007,208.839996,206.000000,207.070007,198.860641,1015800
2017-08-24,208.020004,208.059998,205.639999,206.669998,198.476456,598200
2017-08-25,207.729996,209.009995,207.190002,207.759995,199.523254,614200
2017-08-28,208.429993,209.240005,207.830002,208.839996,200.560425,640100
2017-08-29,207.460007,211.649994,207.220001,211.300003,202.922928,824300
2017-08-30,212.179993,214.490005,211.559998,213.779999,205.304581,1010700
2017-08-31,214.750000,215.149994,213.369995,214.380005,205.880844,1088500
2017-09-01,215.119995,216.710007,214.500000,215.050003,206.524246,825600
2017-09-05,214.199997,214.919998,212.399994,213.259995,204.805206,992000
2017-09-06,214.000000,214.729996,211.910004,211.910004,203.508743,1134800
2017-09-07,212.699997,214.000000,212.110001,213.660004,205.189346,881600
2017-09-08,212.690002,212.690002,209.669998,210.479996,202.609558,1601000
2017-09-11,212.110001,213.000000,211.009995,212.399994,204.457779,1491900
2017-09-12,213.309998,217.300003,213.110001,215.539993,207.480331,1580700
2017-09-13,215.119995,215.529999,213.610001,215.000000,206.960541,800900
2017-09-14,214.160004,216.190002,214.029999,214.520004,206.498489,967900
2017-09-15,212.869995,217.000000,211.740005,214.830002,206.796890,1811600
2017-09-18,215.000000,216.339996,214.110001,215.080002,207.037552,1125800
2017-09-19,215.130005,216.949997,215.000000,216.000000,207.923126,2127000
2017-09-20,216.369995,222.710007,215.570007,220.500000,212.254868,4275900
2017-09-21,220.000000,220.779999,218.000000,218.830002,210.647339,2092300
2017-09-22,218.850006,220.949997,217.839996,220.000000,211.773575,1607600
2017-09-25,220.130005,220.919998,217.600006,219.199997,211.003479,1277500
2017-09-26,218.740005,220.320007,218.539993,219.809998,211.590668,1404700
2017-09-27,220.779999,220.979996,220.000000,220.000000,211.773575,1262300
2017-09-28,219.619995,224.500000,219.119995,224.259995,215.874283,1467900
2017-09-29,224.259995,226.339996,223.490005,225.580002,217.144897,1290200
2017-10-02,225.509995,227.000000,224.600006,226.330002,217.866882,1168800
2017-10-03,226.190002,226.899994,222.580002,223.000000,214.661392,1291300
2017-10-04,222.869995,223.470001,221.210007,221.320007,213.044205,1004800
2017-10-05,218.389999,221.660004,217.770004,221.610001,213.323364,2072800
2017-10-06,221.509995,222.240005,220.220001,220.800003,212.543655,783000
2017-10-09,221.110001,221.770004,220.039993,220.639999,212.389618,1024600
2017-10-10,221.350006,222.220001,220.649994,220.779999,212.524429,710200
2017-10-11,221.460007,223.000000,221.250000,222.679993,214.353363,1318600
2017-10-12,222.570007,225.830002,222.309998,225.059998,216.644379,1172400
2017-10-13,225.490005,226.080002,222.000000,222.220001,213.910583,1088200
2017-10-16,222.720001,222.880005,220.279999,221.350006,213.073105,762800
2017-10-17,221.009995,221.509995,219.809998,220.100006,211.869843,1034000
2017-10-18,220.460007,223.270004,220.210007,222.300003,213.987595,851300
2017-10-19,221.479996,224.000000,220.610001,223.970001,215.595139,1487000
2017-10-20,224.940002,225.850006,224.000000,225.070007,216.653992,1297900
2017-10-23,226.000000,226.580002,224.690002,225.339996,216.913910,1192400
2017-10-24,225.740005,226.720001,225.240005,225.839996,217.395172,1107100
2017-10-25,225.389999,226.410004,225.020004,225.500000,217.067917,1108600
2017-10-26,226.320007,230.080002,225.899994,229.039993,220.475555,1430400
2017-10-27,228.990005,231.350006,228.610001,230.470001,221.852051,1241400
2017-10-30,230.070007,230.449997,227.169998,227.720001,219.204880,742800
2017-10-31,228.119995,228.309998,225.779999,225.809998,217.366318,949200
2017-11-01,227.000000,227.380005,224.669998,225.460007,217.029419,1149900
2017-11-02,225.699997,226.500000,222.860001,225.300003,216.875381,1318400
2017-11-03,225.160004,225.919998,223.740005,224.240005,215.854996,810600
2017-11-06,223.630005,224.139999,220.520004,220.949997,212.688034,1103700
2017-11-07,221.559998,222.839996,220.800003,221.160004,212.890198,855600
2017-11-08,220.429993,221.910004,219.830002,220.500000,212.254868,972900
2017-11-09,219.399994,219.750000,215.470001,217.440002,209.309311,1003400
2017-11-10,216.889999,218.449997,216.270004,218.149994,209.992752,936300
2017-11-13,219.500000,221.770004,218.649994,221.429993,213.150116,1209500
2017-11-14,220.809998,220.979996,219.520004,219.940002,211.715820,805000
2017-11-15,218.960007,219.880005,214.169998,214.449997,206.431107,1323400
2017-11-16,215.320007,218.679993,214.809998,217.910004,209.761719,1520300
2017-11-17,217.059998,218.279999,215.860001,216.000000,207.923126,1446800
2017-11-20,216.610001,218.339996,216.050003,217.250000,209.126404,991200
2017-11-21,217.880005,217.970001,216.830002,217.320007,209.193802,1226000
2017-11-22,218.029999,218.419998,216.529999,217.830002,209.684723,1331900
2017-11-24,219.000000,219.100006,216.350006,217.000000,208.885742,703600
2017-11-27,217.110001,218.360001,216.360001,217.869995,209.723206,1244700
2017-11-28,218.820007,218.919998,216.710007,218.509995,210.339325,1647700
2017-11-29,218.919998,226.479996,218.770004,225.929993,217.481827,1881800
2017-11-30,227.330002,233.889999,227.330002,231.460007,222.805069,2789100
2017-12-01,231.720001,232.990005,226.169998,230.839996,222.208237,1809900
2017-12-04,234.770004,243.059998,233.789993,239.050003,230.111221,3049700
2017-12-05,238.300003,239.509995,235.070007,235.399994,226.597748,1592100
2017-12-06,234.649994,237.770004,233.669998,236.389999,227.550720,1523400
2017-12-07,236.410004,240.279999,235.750000,239.300003,230.351883,1232200
2017-12-08,240.270004,241.000000,238.809998,240.729996,232.213608,1196600
2017-12-11,239.669998,241.110001,237.259995,238.610001,230.168594,1423000
2017-12-12,238.649994,241.369995,238.020004,239.500000,231.027145,1731100
2017-12-13,240.389999,243.479996,239.500000,242.020004,233.457977,1204800
2017-12-14,242.229996,242.820007,238.309998,238.500000,230.062500,1537000
2017-12-15,240.500000,241.740005,239.559998,240.050003,231.557648,2227000
2017-12-18,243.000000,243.750000,241.100006,241.910004,233.351868,1977900
2017-12-19,242.110001,243.520004,240.350006,242.539993,233.959579,2330000
2017-12-20,252.600006,253.240005,246.600006,251.070007,242.187820,5898100
2017-12-21,253.839996,255.110001,248.759995,250.169998,241.319656,3257100
2017-12-22,250.559998,251.550003,249.169998,250.020004,241.174988,1341200
2017-12-26,250.399994,251.250000,249.210007,249.639999,240.808411,755900
2017-12-27,250.259995,250.350006,248.809998,250.029999,241.184601,890200
2017-12-28,250.000000,250.619995,247.270004,248.320007,239.535110,1003400
2017-12-29,249.000000,250.699997,248.580002,249.539993,240.711929,1162200
2018-01-02,250.830002,257.600006,250.000000,257.600006,248.486786,2461300
2018-01-03,257.260010,261.570007,256.010010,260.820007,251.592896,2149600
2018-01-04,262.290009,266.220001,262.000000,264.880005,255.509247,2600400
2018-01-05,266.250000,271.390015,263.619995,265.920013,256.512482,2863900
2018-01-08,268.899994,270.170013,266.890015,268.660004,259.155548,1956000
2018-01-09,270.000000,271.000000,267.000000,267.750000,258.277771,1648300
2018-01-10,265.299988,268.720001,263.619995,268.010010,258.528534,1644400
2018-01-11,268.500000,271.200012,267.630005,271.190002,261.595978,1652100
2018-01-12,271.250000,271.899994,269.559998,271.850006,262.232666,1342900
2018-01-16,272.269989,273.160004,267.209991,269.579987,260.042999,1668600
2018-01-17,270.640015,271.899994,268.049988,271.489990,261.885376,1378100
2018-01-18,272.269989,274.660004,270.649994,272.179993,262.550964,1903100
2018-01-19,272.779999,274.380005,269.820007,274.320007,264.615295,1420400
2018-01-22,273.049988,274.100006,271.299988,273.890015,264.200562,1006300
2018-01-23,273.950012,273.950012,271.320007,272.019989,262.396698,1182800
2018-01-24,272.440002,272.880005,268.820007,270.410004,260.843658,1421700
2018-01-25,271.100006,271.100006,266.769989,268.040009,258.557465,1603500
2018-01-26,268.510010,269.000000,265.690002,268.850006,259.338776,1522200
2018-01-29,267.500000,270.549988,267.269989,267.690002,258.219879,1153300
2018-01-30,266.540009,266.839996,259.510010,261.459991,252.210251,2455400
2018-01-31,263.700012,267.170013,261.660004,262.480011,253.194183,1764600
2018-02-01,258.149994,265.670013,257.329987,261.829987,252.567139,2318100
2018-02-02,260.579987,261.239990,255.720001,255.869995,246.818008,1655000
2018-02-05,252.479996,259.130005,248.360001,248.500000,239.708740,2315400
2018-02-06,244.440002,254.119995,242.509995,250.179993,241.329285,3366200
2018-02-07,248.960007,254.470001,248.509995,251.149994,242.264984,1520100
2018-02-08,251.649994,251.649994,239.139999,239.270004,230.805252,2735400
2018-02-09,235.699997,239.000000,226.199997,235.320007,226.995010,5153300
2018-02-12,236.809998,241.380005,235.399994,239.929993,231.441925,2667200
2018-02-13,238.740005,241.529999,236.720001,240.320007,231.818146,1537700
2018-02-14,239.750000,242.330002,238.850006,240.820007,232.300446,1817100
2018-02-15,241.919998,245.130005,238.669998,245.029999,236.361496,1707700
2018-02-16,244.000000,247.720001,242.600006,244.190002,235.551208,1476800
2018-02-20,243.360001,244.300003,240.250000,240.979996,232.454758,1125400
2018-02-21,241.000000,247.750000,241.000000,243.300003,234.692734,1281300
2018-02-22,244.149994,248.190002,244.050003,245.429993,236.747345,1383500
2018-02-23,248.220001,252.240005,247.500000,252.220001,243.297134,1806900
2018-02-26,253.000000,255.149994,250.000000,254.509995,245.506119,1534300
2018-02-27,254.630005,255.919998,248.610001,248.740005,239.940262,1393700
2018-02-28,249.559998,251.600006,246.259995,246.410004,237.692673,1739400
2018-03-01,246.350006,250.470001,242.490005,243.699997,235.078552,1967800
2018-03-02,241.580002,242.820007,238.000000,241.309998,232.773102,1729900
2018-03-05,239.399994,243.110001,237.199997,241.940002,233.380798,1064200
2018-03-06,243.570007,244.619995,241.580002,243.039993,234.441879,1434900
2018-03-07,240.000000,243.410004,239.500000,241.679993,233.129990,1648200
2018-03-08,242.000000,242.009995,236.179993,240.470001,231.962830,1837500
2018-03-09,242.429993,247.389999,240.940002,247.119995,238.874237,1644700
2018-03-12,247.080002,248.500000,245.649994,246.539993,238.313568,1277100
2018-03-13,247.580002,252.740005,246.779999,250.770004,242.402451,1950400
2018-03-14,252.240005,252.500000,246.570007,246.910004,238.671249,1539300
2018-03-15,247.550003,251.619995,247.220001,247.399994,239.144897,1732100
2018-03-16,248.490005,254.119995,248.020004,252.029999,243.620407,2167000
2018-03-19,251.220001,252.800003,246.300003,249.610001,241.281158,1984000
2018-03-20,250.550003,254.020004,249.380005,251.990005,243.581757,3398100
2018-03-21,252.250000,258.000000,249.009995,249.020004,240.710831,4843700
2018-03-22,246.000000,246.000000,235.389999,236.270004,228.386292,4249800
2018-03-23,237.059998,238.740005,228.899994,229.479996,221.822830,2666300
2018-03-26,233.750000,240.089996,231.520004,239.850006,231.846832,2659400
2018-03-27,240.320007,241.270004,233.179993,234.639999,226.810684,1907100
2018-03-28,234.639999,237.000000,232.429993,234.800003,226.965332,1882000
2018-03-29,236.940002,242.580002,236.800003,240.110001,232.098145,1923500
2018-04-02,239.190002,241.880005,235.199997,238.500000,230.541824,2063900
2018-04-03,239.220001,241.289993,237.080002,241.039993,232.997070,1540100
2018-04-04,236.509995,239.100006,232.529999,238.759995,230.793182,2027400
2018-04-05,239.309998,241.940002,237.190002,241.070007,233.026108,1153600
2018-04-06,239.279999,239.630005,231.710007,234.289993,226.472336,1447000
2018-04-09,235.699997,238.380005,234.059998,234.320007,226.501358,1385400
2018-04-10,238.000000,240.759995,236.949997,238.000000,230.058548,1649200
2018-04-11,236.119995,238.910004,235.779999,238.000000,230.058548,906000
2018-04-12,239.539993,243.580002,239.429993,241.910004,233.838058,1167800
2018-04-13,243.619995,246.949997,243.100006,244.490005,236.332001,1651800
2018-04-16,245.619995,251.080002,245.619995,250.029999,241.687149,1417400
2018-04-17,251.720001,253.149994,250.380005,252.000000,243.591385,1351800
2018-04-18,252.229996,257.470001,250.029999,255.529999,247.003616,2186200
2018-04-19,254.979996,254.979996,249.589996,251.589996,243.195084,1483900
2018-04-20,251.710007,252.470001,245.500000,247.119995,238.874237,1512500
2018-04-23,247.339996,249.380005,246.669998,248.820007,240.517502,813900
2018-04-24,250.389999,253.889999,243.240005,245.559998,237.366272,1817800
2018-04-25,245.470001,248.009995,243.570007,246.899994,238.661560,1316000
2018-04-26,247.199997,250.539993,244.589996,246.929993,238.690582,1708400
2018-04-27,246.929993,250.889999,245.710007,250.330002,241.977112,1243600
2018-04-30,251.089996,252.940002,246.669998,247.199997,238.951569,1603400
2018-05-01,247.229996,248.309998,243.259995,244.660004,236.496323,1599400
2018-05-02,243.779999,243.910004,238.740005,240.600006,232.571793,1461900
2018-05-03,239.250000,243.800003,236.610001,242.149994,234.070038,1355400
2018-05-04,240.550003,246.139999,238.570007,244.940002,236.766968,989500
2018-05-07,245.690002,246.720001,242.309998,243.119995,235.007706,1308600
2018-05-08,240.979996,245.330002,240.899994,241.949997,233.876755,1682500
2018-05-09,243.110001,244.309998,241.080002,244.169998,236.022675,1388700
2018-05-10,244.649994,248.210007,244.490005,247.699997,239.434845,1232900
2018-05-11,248.220001,252.199997,247.970001,250.899994,242.528091,1941200
2018-05-14,252.600006,253.779999,250.750000,251.350006,242.963104,1047600
2018-05-15,249.479996,249.580002,246.250000,247.339996,239.086899,1638200
2018-05-16,247.779999,248.720001,246.539993,247.119995,238.874237,1101200
2018-05-17,247.690002,250.229996,247.279999,248.460007,240.169510,1084000
2018-05-18,247.880005,249.729996,246.710007,249.449997,241.126495,1195700
2018-05-21,251.000000,254.940002,250.679993,254.660004,246.162674,1384200
2018-05-22,255.149994,256.299988,252.350006,252.589996,244.161697,1011300
2018-05-23,252.020004,252.020004,248.619995,250.470001,242.112442,1106800
2018-05-24,250.179993,252.009995,248.500000,251.740005,243.340088,1496300
2018-05-25,250.860001,253.179993,250.860001,251.500000,243.108109,841200
2018-05-29,250.229996,251.460007,246.309998,247.610001,239.347916,1159700
2018-05-30,248.729996,254.190002,248.600006,253.080002,244.635376,1201800
2018-05-31,253.550003,253.550003,248.800003,249.119995,240.807480,1300900
2018-06-01,251.570007,254.800003,251.100006,253.600006,245.138031,1174500
2018-06-04,254.710007,256.500000,251.639999,251.880005,243.475418,919300
2018-06-05,251.559998,252.750000,249.750000,252.000000,243.591385,953900
2018-06-06,253.929993,256.739990,251.509995,256.549988,247.989563,1096300
2018-06-07,257.299988,260.619995,254.979996,257.250000,248.666199,1758700
2018-06-08,256.970001,260.410004,256.750000,260.149994,251.469452,1221800
2018-06-11,260.140015,263.420013,260.140015,261.970001,253.228729,1424300
2018-06-12,263.589996,266.670013,263.190002,265.529999,256.669952,1782400
2018-06-13,265.970001,266.029999,262.339996,262.920013,254.147064,1147800
2018-06-14,264.000000,264.079987,261.359985,263.480011,254.688339,1015600
2018-06-15,262.510010,264.989990,260.839996,264.559998,255.732315,1363700
2018-06-18,263.089996,264.649994,261.579987,263.670013,254.871994,1392400
2018-06-19,261.429993,261.510010,254.750000,258.390015,249.768158,3160700
2018-06-20,257.309998,257.309998,251.089996,251.429993,243.040405,3906200
2018-06-21,251.509995,251.800003,245.649994,246.720001,238.487579,3665100
2018-06-22,247.899994,248.139999,241.500000,241.770004,234.320099,2635600
2018-06-25,239.729996,240.330002,231.979996,234.529999,227.303192,3605700
2018-06-26,235.600006,237.929993,233.699997,236.850006,229.551697,1954200
2018-06-27,236.850006,238.639999,229.639999,229.750000,222.670456,2596500
2018-06-28,226.169998,228.059998,222.440002,226.669998,219.685364,4067900
2018-06-29,228.169998,230.750000,227.000000,227.059998,220.063339,2262700
2018-07-02,225.369995,229.630005,225.259995,229.389999,222.321548,1587500
2018-07-03,230.589996,231.449997,227.279999,227.610001,220.596405,922000
2018-07-05,228.339996,229.130005,225.509995,228.580002,221.536530,1623600
2018-07-06,228.580002,229.289993,225.350006,228.270004,221.236084,1584900
2018-07-09,229.210007,235.460007,228.979996,234.940002,227.700562,1733900
2018-07-10,235.399994,237.199997,234.320007,235.660004,228.398346,1195700
2018-07-11,233.240005,233.470001,229.610001,230.220001,223.125977,1394600
2018-07-12,231.779999,233.750000,229.610001,232.690002,225.519882,1333200
2018-07-13,232.000000,234.889999,231.809998,233.750000,226.547226,983400
2018-07-16,232.320007,233.970001,229.050003,230.179993,223.087204,1935900
2018-07-17,229.729996,231.440002,229.460007,231.149994,224.027328,1801300
2018-07-18,231.589996,236.839996,231.279999,236.190002,228.912033,1888800
2018-07-19,235.119995,237.350006,234.000000,236.550003,229.260925,1549800
2018-07-20,235.449997,236.029999,233.529999,234.929993,227.690857,1705400
2018-07-23,234.860001,236.869995,234.240005,236.399994,229.115570,1207100
2018-07-24,237.690002,240.320007,236.300003,236.830002,229.532318,1928200
2018-07-25,237.179993,240.550003,236.440002,240.240005,232.837234,1885300
2018-07-26,241.199997,243.020004,239.679993,241.240005,233.806427,1505900
2018-07-27,241.979996,244.130005,240.070007,240.839996,233.418777,1215300
2018-07-30,240.770004,244.350006,240.020004,240.440002,233.031097,1212800
2018-07-31,242.520004,248.619995,242.440002,245.869995,238.293747,1886200
2018-08-01,245.699997,245.699997,240.679993,241.100006,233.670746,1096700
2018-08-02,240.000000,241.919998,238.779999,241.119995,233.690125,1030000
2018-08-03,240.630005,244.070007,240.190002,243.320007,235.822327,962300
2018-08-06,242.360001,245.529999,242.360001,245.130005,237.576553,1209700
2018-08-07,245.850006,249.690002,244.690002,247.850006,240.212753,1144700
2018-08-08,247.800003,248.279999,245.389999,245.490005,237.925446,888600
2018-08-09,246.000000,247.070007,244.789993,244.800003,237.256699,1115600
2018-08-10,244.190002,244.190002,240.339996,241.759995,234.310394,1483100
2018-08-13,242.000000,242.669998,240.160004,240.990005,233.564133,900100
2018-08-14,241.550003,246.050003,241.550003,243.699997,236.190613,1038800
2018-08-15,243.070007,244.029999,239.899994,243.479996,235.977386,915300
2018-08-16,245.020004,248.660004,244.500000,246.250000,238.662048,1031200
2018-08-17,246.039993,247.449997,245.479996,246.940002,239.330765,803800
2018-08-20,247.339996,249.919998,247.339996,248.789993,241.123795,1031400
2018-08-21,248.789993,252.289993,248.789993,251.110001,243.372284,1263800
2018-08-22,250.139999,250.770004,246.600006,246.940002,239.330765,1168200
2018-08-23,246.860001,247.660004,243.809998,244.470001,236.936890,1205400
2018-08-24,245.660004,246.070007,244.479996,245.020004,237.469925,1066100
2018-08-27,246.339996,249.839996,246.339996,248.899994,241.230362,1650900
2018-08-28,249.460007,249.669998,247.259995,247.630005,239.999512,857900
2018-08-29,248.119995,248.380005,246.800003,247.600006,239.970459,981700
2018-08-30,247.460007,247.929993,245.850006,246.740005,239.136963,1171400
2018-08-31,246.419998,246.649994,243.440002,243.949997,236.432922,1476000
2018-09-04,243.899994,243.929993,240.830002,241.289993,233.854874,1891400
2018-09-05,241.059998,245.190002,240.380005,244.759995,237.217957,1889200
2018-09-06,244.139999,247.130005,243.050003,246.190002,238.603897,1069400
2018-09-07,245.000000,248.330002,244.050003,245.970001,239.021729,1217300
2018-09-10,246.080002,250.979996,245.529999,249.449997,242.403458,1229900
2018-09-11,248.889999,250.139999,247.300003,249.360001,242.315994,1151500
2018-09-12,249.360001,254.270004,248.589996,252.979996,245.833710,1558200
2018-09-13,254.479996,257.329987,252.779999,253.169998,246.018311,1717600
2018-09-14,253.399994,256.910004,253.309998,255.440002,248.224228,1253300
2018-09-17,257.269989,259.250000,253.669998,255.729996,248.506027,2226500
2018-09-18,249.740005,250.000000,241.220001,241.580002,234.755737,6941200
2018-09-19,241.300003,243.509995,238.639999,242.880005,236.019043,3288700
2018-09-20,244.649994,247.570007,244.149994,246.809998,239.837997,2379900
2018-09-21,249.229996,250.949997,246.830002,247.320007,240.333618,2389800
2018-09-24,246.539993,247.119995,242.630005,243.839996,236.951920,1716600
2018-09-25,244.320007,244.520004,238.800003,239.199997,232.443008,2921100
2018-09-26,239.570007,243.190002,238.899994,241.110001,234.299026,2270900
2018-09-27,241.440002,242.179993,239.250000,240.699997,233.900620,1422300
2018-09-28,239.919998,241.179993,237.509995,240.789993,233.988052,1837700
2018-10-01,242.479996,243.550003,239.369995,239.929993,233.152374,1427100
2018-10-02,239.479996,240.940002,238.809998,239.000000,232.248642,1223700
2018-10-03,239.339996,243.360001,239.330002,240.940002,234.133850,1269000
2018-10-04,240.809998,242.389999,237.669998,239.070007,232.316666,1101300
2018-10-05,239.009995,239.600006,232.929993,236.059998,229.391693,1520500
2018-10-08,234.919998,238.600006,232.779999,234.990005,228.351929,1527800
2018-10-09,234.399994,234.750000,229.149994,229.750000,223.259918,1668700
2018-10-10,229.149994,229.550003,221.350006,221.460007,215.204117,2575300
2018-10-11,220.509995,224.699997,216.809998,217.419998,211.278229,2739700
2018-10-12,224.139999,224.759995,217.649994,221.000000,214.757095,2869200
2018-10-15,220.929993,221.660004,219.100006,221.020004,214.776550,2276300
2018-10-16,222.919998,226.350006,221.690002,226.179993,219.790787,1722100
2018-10-17,226.000000,226.000000,222.440002,223.460007,217.147614,1377800
2018-10-18,222.500000,223.429993,216.089996,217.289993,211.151901,1906800
2018-10-19,217.649994,220.740005,216.970001,219.800003,213.591019,1691000
2018-10-22,219.750000,220.669998,217.039993,218.399994,212.230560,1366300
2018-10-23,215.050003,219.449997,212.179993,218.380005,212.211121,1953800
2018-10-24,216.619995,219.419998,208.850006,209.199997,203.290421,2168500
2018-10-25,211.330002,215.509995,210.559998,213.779999,207.741074,1632700
2018-10-26,210.880005,214.250000,208.100006,210.529999,204.582870,1678100
2018-10-29,213.559998,215.880005,207.899994,211.039993,205.078445,1356400
2018-10-30,211.080002,217.139999,210.899994,216.529999,210.413361,1302400
2018-10-31,219.080002,222.860001,219.080002,220.339996,214.115738,1721800
2018-11-01,221.000000,225.130005,218.350006,224.039993,217.711212,1537700
2018-11-02,226.669998,227.649994,220.449997,221.660004,215.398468,1808400
2018-11-05,222.100006,224.100006,221.580002,222.610001,216.321625,1257200
2018-11-06,222.539993,227.169998,221.919998,226.770004,220.364105,1252700
2018-11-07,228.369995,231.559998,225.169998,231.279999,224.746704,1289200
2018-11-08,230.350006,231.809998,227.850006,229.399994,222.919846,1039700
2018-11-09,229.000000,229.600006,222.660004,224.399994,218.061050,1695000
2018-11-12,224.589996,225.190002,218.770004,219.630005,213.425827,1577800
2018-11-13,220.789993,225.250000,220.039993,222.509995,216.224442,1086500
2018-11-14,224.539993,227.300003,222.990005,225.160004,218.799591,1380300
2018-11-15,223.229996,229.460007,221.979996,227.809998,221.374725,1285900
2018-11-16,226.880005,228.169998,224.589996,226.690002,220.286377,1240900
2018-11-19,226.460007,228.990005,224.690002,226.300003,219.907379,1106200
2018-11-20,222.720001,224.169998,220.020004,221.339996,215.087509,1620300
2018-11-21,222.350006,226.300003,222.350006,222.550003,216.263321,1019900
2018-11-23,221.419998,226.000000,220.559998,223.399994,217.089294,498200
2018-11-26,225.880005,226.119995,223.100006,225.039993,218.682983,1165700
2018-11-27,223.779999,225.850006,222.419998,225.229996,218.867630,1122000
2018-11-28,226.559998,231.850006,225.130005,231.850006,225.300629,1311500
2018-11-29,230.919998,231.500000,227.330002,227.500000,221.073502,1162900
2018-11-30,227.199997,229.570007,226.250000,229.000000,222.531128,1588900
2018-12-03,232.660004,234.490005,228.270004,230.039993,223.541733,1465900
2018-12-04,227.000000,227.550003,212.800003,215.520004,209.431915,3819600
2018-12-06,212.000000,215.309998,209.500000,215.059998,208.984894,2248100
2018-12-07,214.699997,217.449997,200.119995,201.389999,196.294357,3101100
2018-12-10,198.710007,198.729996,188.509995,192.929993,188.048416,5887300
2018-12-11,195.369995,196.500000,187.029999,189.649994,184.851395,4584600
2018-12-12,192.389999,193.119995,187.580002,188.270004,183.506317,3684700
2018-12-13,189.029999,189.449997,183.550003,187.179993,182.443863,4194800
2018-12-14,185.149994,188.750000,183.100006,184.110001,179.451569,2558200
2018-12-17,183.110001,186.169998,181.279999,182.190002,177.580170,3402000
2018-12-18,183.529999,186.139999,182.949997,185.009995,180.328796,4300800
2018-12-19,169.220001,171.630005,162.500000,162.509995,158.398102,15288500
2018-12-20,161.990005,164.990005,158.339996,159.720001,155.678680,6552700
2018-12-21,158.009995,159.789993,154.660004,158.000000,154.002197,6969400
2018-12-24,156.949997,157.729996,152.610001,152.699997,148.836304,2935200
2018-12-26,154.000000,160.149994,150.940002,160.149994,156.097809,3503100
2018-12-27,158.500000,161.020004,155.279999,161.020004,156.945816,2880200
2018-12-28,162.259995,163.789993,158.309998,158.979996,154.957397,2876700
2018-12-31,159.559998,161.649994,158.899994,161.330002,157.247940,2175300
2019-01-02,158.520004,163.380005,157.570007,163.190002,159.060898,2125700
2019-01-03,161.789993,163.070007,156.960007,157.190002,153.212708,3033300
2019-01-04,160.199997,164.979996,159.500000,164.429993,160.269516,2938600
2019-01-07,164.889999,166.850006,162.149994,166.729996,162.511337,2989400
2019-01-08,168.699997,169.419998,165.309998,167.020004,162.793991,2610700
2019-01-09,167.649994,171.220001,167.100006,170.589996,166.273651,2750900
2019-01-10,169.070007,170.619995,167.929993,170.119995,165.815536,1958500
2019-01-11,169.490005,171.139999,167.199997,170.990005,166.663544,2836400
2019-01-14,169.869995,173.100006,169.119995,171.550003,167.209366,2225000
2019-01-15,171.470001,172.649994,169.020004,170.630005,166.312637,2165400
2019-01-16,171.190002,174.229996,170.940002,171.360001,167.024170,2342800
2019-01-17,170.960007,175.000000,170.729996,173.270004,168.885864,1789700
2019-01-18,175.179993,179.190002,174.550003,176.910004,172.433746,3072100
2019-01-22,176.309998,176.720001,174.020004,175.899994,171.449295,2105900
2019-01-23,176.839996,177.080002,171.279999,173.679993,169.285461,1853100
2019-01-24,173.369995,174.279999,171.789993,174.100006,169.694855,1630100
2019-01-25,175.889999,177.559998,174.100006,175.360001,170.922974,1968600
2019-01-28,173.500000,174.330002,171.710007,173.960007,169.558380,1355500
2019-01-29,174.000000,174.300003,172.520004,173.580002,169.187988,1090200
2019-01-30,175.119995,178.229996,173.160004,177.470001,172.979568,1562700
2019-01-31,178.710007,178.710007,176.580002,177.570007,173.077042,1865100
2019-02-01,178.300003,180.119995,178.059998,179.309998,174.773010,1812500
2019-02-04,179.190002,182.740005,178.300003,182.729996,178.106476,1694700
2019-02-05,183.000000,184.320007,182.080002,183.729996,179.081177,1670800
2019-02-06,183.389999,185.029999,182.860001,183.809998,179.159149,1485300
2019-02-07,182.770004,183.440002,179.949997,181.369995,176.780884,1853700
2019-02-08,180.039993,180.179993,173.770004,177.240005,172.755402,2461400
2019-02-11,177.800003,181.240005,177.649994,181.089996,176.507980,1644700
2019-02-12,182.630005,186.229996,181.949997,185.449997,180.757660,1819500
2019-02-13,186.100006,187.039993,185.119995,185.619995,180.923355,1364400
2019-02-14,184.539993,185.220001,182.970001,183.919998,179.266388,1556900
2019-02-15,179.000000,179.500000,176.960007,179.300003,174.763275,4730700
2019-02-19,179.160004,181.800003,178.929993,180.250000,175.689224,1836400
2019-02-20,180.979996,183.020004,180.259995,181.910004,177.307251,1414700
2019-02-21,181.779999,183.460007,181.419998,182.279999,177.667862,1033800
2019-02-22,182.070007,182.279999,176.100006,180.490005,175.923172,2023300
2019-02-25,181.940002,183.649994,180.679993,181.070007,176.488495,1652900
2019-02-26,180.830002,183.960007,180.509995,181.710007,177.112289,1612600
2019-02-27,181.070007,182.240005,179.899994,181.809998,177.209778,966200
2019-02-28,181.460007,181.639999,180.210007,181.000000,176.420258,1260600
2019-03-01,182.020004,184.440002,182.000000,182.800003,178.174713,1473300
2019-03-04,184.070007,185.309998,179.899994,181.139999,176.556717,1694800
2019-03-05,180.440002,181.149994,178.550003,180.009995,175.455322,1474500
2019-03-06,180.589996,180.759995,177.350006,178.179993,173.671616,1441900
2019-03-07,176.199997,176.619995,172.080002,172.860001,168.486237,3743900
2019-03-08,169.850006,172.619995,167.610001,171.779999,168.065521,2059100
2019-03-11,172.089996,176.619995,171.860001,176.449997,172.634537,1683200
2019-03-12,177.000000,178.199997,175.570007,177.169998,173.338974,1506100
2019-03-13,178.279999,180.100006,177.449997,179.529999,175.647934,1222900
2019-03-14,179.240005,179.529999,177.500000,179.080002,175.207672,1217000
2019-03-15,179.479996,181.839996,177.589996,177.979996,174.131454,2481500
2019-03-18,178.130005,182.419998,178.130005,182.399994,178.455887,2230300
2019-03-19,183.820007,185.000000,180.679993,181.410004,177.487289,4277000
2019-03-20,172.750000,175.770004,169.660004,175.070007,171.284409,9287800
2019-03-21,174.449997,179.339996,172.490005,178.990005,175.119629,3156100
2019-03-22,177.550003,178.130005,173.839996,173.990005,170.227722,2439500
2019-03-25,173.919998,174.869995,171.369995,172.070007,168.349243,1851000
2019-03-26,173.250000,175.240005,172.470001,175.149994,171.362656,1430500
2019-03-27,175.119995,176.490005,174.589996,176.089996,172.282318,1571900
2019-03-28,174.850006,178.259995,174.850006,177.899994,174.053177,2031500
2019-03-29,179.020004,182.089996,178.910004,181.410004,177.487289,2171500
2019-04-01,182.270004,187.000000,182.220001,186.449997,182.418320,2340900
2019-04-02,186.509995,186.660004,183.679993,184.029999,180.050644,1553000
2019-04-03,185.589996,188.000000,184.279999,185.190002,181.185547,1263900
2019-04-04,184.800003,187.750000,184.800003,187.669998,183.611923,1303100
2019-04-05,187.929993,190.369995,187.259995,189.899994,185.793716,2301400
2019-04-08,189.139999,191.559998,188.399994,191.380005,187.241699,1595000
2019-04-09,189.899994,190.429993,188.850006,189.949997,185.842606,1435500
2019-04-10,190.000000,191.750000,189.500000,191.000000,186.869934,1069400
2019-04-11,191.350006,193.000000,190.960007,191.869995,187.721115,1541100
2019-04-12,194.000000,196.979996,193.179993,196.949997,192.691238,1651200
2019-04-15,197.000000,197.960007,195.550003,196.179993,191.937897,1829500
2019-04-16,196.250000,198.570007,195.869995,197.229996,192.965210,1457900
2019-04-17,198.479996,199.320007,196.919998,198.059998,193.777267,1116700
2019-04-18,198.470001,199.320007,197.820007,198.149994,193.865326,1391700
2019-04-22,197.080002,197.509995,195.199997,195.979996,191.742249,1529600
2019-04-23,195.520004,196.080002,194.639999,195.130005,190.910614,1727400
2019-04-24,195.100006,198.309998,194.550003,197.860001,193.581573,1511700
2019-04-25,195.759995,195.910004,188.630005,188.869995,184.785965,3086600
2019-04-26,185.240005,186.539993,182.889999,184.039993,180.060410,3638100
2019-04-29,184.509995,187.320007,183.160004,186.630005,182.594406,1471400
2019-04-30,186.940002,190.649994,185.559998,189.460007,185.363220,1562800
2019-05-01,189.729996,189.839996,185.619995,185.619995,181.606247,1432900
2019-05-02,185.360001,188.080002,182.809998,187.039993,182.995560,1477300
2019-05-03,188.720001,190.580002,187.750000,188.059998,183.993484,1229200
2019-05-06,183.210007,186.229996,181.610001,185.600006,181.586700,1290300
2019-05-07,183.259995,183.470001,178.110001,180.660004,176.753525,2152300
2019-05-08,180.059998,181.089996,178.300003,179.429993,175.550095,2029000
2019-05-09,177.380005,179.669998,175.940002,179.559998,175.677292,1601400
2019-05-10,178.759995,179.539993,174.809998,178.000000,174.151016,1475700
2019-05-13,172.809998,173.759995,170.789993,172.300003,168.574295,1781400
2019-05-14,172.600006,174.350006,170.740005,171.860001,168.143799,2248700
2019-05-15,170.130005,173.279999,167.460007,172.539993,168.809082,2314900
2019-05-16,173.039993,179.429993,172.869995,175.770004,171.969238,2676900
2019-05-17,171.960007,174.220001,169.649994,169.919998,166.245743,2235100
2019-05-20,168.229996,169.850006,167.320007,168.210007,164.572723,1672800
2019-05-21,169.500000,169.899994,167.460007,167.990005,164.357483,1889500
2019-05-22,166.759995,166.899994,161.929993,162.000000,158.496994,3021800
2019-05-23,160.100006,161.050003,158.169998,160.589996,157.117493,2498200
2019-05-24,161.750000,162.009995,158.679993,159.929993,156.471741,1348600
2019-05-28,158.979996,160.199997,156.809998,158.449997,155.023758,2528400
2019-05-29,157.690002,160.729996,156.220001,159.570007,156.119553,2045900
2019-05-30,159.779999,161.710007,157.000000,158.009995,154.593277,1670400
2019-05-31,154.899994,156.750000,153.789993,154.279999,150.943924,1912400
2019-06-03,151.160004,155.410004,150.679993,152.339996,149.045883,3918600
2019-06-04,154.020004,159.889999,153.710007,159.589996,156.139114,2854500
2019-06-05,161.000000,161.500000,157.770004,158.589996,155.160721,2241000
2019-06-06,158.300003,158.600006,155.600006,156.850006,153.458374,1585300
2019-06-07,157.229996,159.440002,156.250000,158.020004,154.603058,2129500
2019-06-10,159.779999,164.000000,159.699997,161.839996,158.340454,2054500
2019-06-11,163.460007,163.899994,158.850006,159.440002,155.992340,1857100
2019-06-12,158.729996,162.009995,158.080002,161.369995,157.880615,1408400
2019-06-13,163.000000,165.880005,162.869995,165.669998,162.087631,2239600
2019-06-14,165.199997,165.479996,162.259995,164.550003,160.991867,1590200
2019-06-17,164.470001,165.000000,163.059998,163.720001,160.179810,1313400
2019-06-18,165.009995,169.119995,164.710007,166.339996,162.743149,2184300
2019-06-19,166.679993,167.449997,165.669998,166.559998,162.958389,1608500
2019-06-20,168.389999,169.539993,166.789993,168.500000,164.856461,2087400
2019-06-21,167.729996,168.059998,165.130005,165.350006,162.401016,2527500
2019-06-24,164.000000,164.979996,160.580002,160.899994,158.030396,3563700
2019-06-25,159.970001,160.000000,155.979996,155.979996,153.198151,4793100
2019-06-26,156.449997,161.259995,153.509995,159.919998,157.067871,6247600
2019-06-27,160.399994,164.350006,160.039993,163.309998,160.397400,3460900
2019-06-28,164.229996,166.389999,164.000000,164.190002,161.261719,5311700
2019-07-01,168.020004,168.020004,161.559998,162.970001,160.063477,2346800
2019-07-02,163.070007,163.229996,159.509995,159.789993,156.940170,1860200
2019-07-03,160.389999,161.529999,159.339996,161.419998,158.541122,1180600
2019-07-05,161.080002,162.419998,159.520004,161.970001,159.081314,1125300
2019-07-08,160.259995,161.720001,159.039993,160.820007,157.951828,1586300
2019-07-09,159.410004,159.940002,158.690002,159.190002,156.350906,1218000
2019-07-10,162.169998,162.820007,159.759995,159.990005,157.136612,2077600
2019-07-11,160.110001,163.360001,159.759995,162.600006,159.700089,2499000
2019-07-12,164.630005,168.440002,164.309998,167.470001,164.483215,3310800
2019-07-15,167.509995,168.850006,166.270004,167.899994,164.905548,2021800
2019-07-16,168.820007,172.960007,168.820007,169.789993,166.761841,2744100
2019-07-17,169.570007,169.779999,164.740005,165.050003,162.106384,3074900
2019-07-18,164.639999,166.500000,163.759995,165.380005,162.430511,1681600
2019-07-19,166.169998,168.869995,166.149994,167.130005,164.149292,2067200
2019-07-22,168.539993,171.130005,168.240005,169.550003,166.526123,2130700
2019-07-23,171.000000,173.949997,171.000000,173.770004,170.670853,2866400
2019-07-24,174.789993,178.500000,174.419998,176.009995,172.870911,2679100
2019-07-25,175.600006,176.759995,174.630005,175.869995,172.733398,1985700
2019-07-26,175.800003,175.919998,173.800003,174.940002,171.820007,2003200
2019-07-29,174.529999,175.039993,171.699997,172.600006,169.521744,1389100
2019-07-30,171.539993,172.940002,169.589996,172.389999,169.315475,1226300
2019-07-31,172.440002,173.990005,168.580002,170.529999,167.488647,1485400
2019-08-01,170.160004,171.470001,162.690002,163.309998,160.397400,3039200
2019-08-02,162.779999,164.800003,161.330002,163.729996,160.809921,1959100
2019-08-05,160.089996,160.160004,155.020004,157.259995,154.455307,3200700
2019-08-06,159.160004,162.990005,158.559998,161.190002,158.315216,2802100
2019-08-07,157.820007,160.869995,155.229996,160.660004,157.794678,2398700
2019-08-08,162.089996,165.199997,161.509995,164.229996,161.300995,1793300
2019-08-09,163.720001,163.940002,160.419998,162.130005,159.238464,1270200
2019-08-12,161.029999,161.229996,158.410004,158.809998,155.977661,829700
2019-08-13,159.639999,163.600006,157.320007,160.520004,157.657181,1835000
2019-08-14,157.779999,158.039993,154.320007,155.059998,152.294556,1688400
2019-08-15,155.410004,155.490005,151.470001,152.820007,150.094513,1874000
2019-08-16,154.179993,156.910004,153.990005,156.000000,153.217773,1560400
2019-08-19,158.470001,159.240005,157.500000,158.309998,155.486588,1458300
2019-08-20,157.559998,157.970001,155.309998,155.839996,153.060638,1089100
2019-08-21,157.770004,158.800003,157.020004,158.179993,155.358902,1044400
2019-08-22,158.259995,158.990005,155.759995,158.100006,155.280334,1156300
2019-08-23,156.509995,157.190002,151.119995,151.970001,149.259659,2806500
2019-08-26,153.220001,154.729996,151.660004,152.490005,149.770386,1270800
2019-08-27,153.029999,154.110001,148.800003,149.529999,146.863174,1809600
2019-08-28,149.139999,154.449997,147.820007,153.179993,150.448074,2064900
2019-08-29,155.000000,158.490005,154.880005,157.449997,154.641937,1684600
2019-08-30,158.490005,160.309998,158.160004,158.610001,155.781235,1151500
2019-09-03,155.789993,157.250000,153.910004,155.369995,152.599014,1270600
2019-09-04,157.539993,159.580002,157.220001,159.059998,156.223206,1260400
2019-09-05,161.059998,165.360001,160.710007,164.380005,161.448349,2119200
2019-09-06,164.000000,164.820007,161.619995,161.869995,159.614243,1413400
2019-09-09,163.100006,167.630005,162.949997,167.419998,165.086914,2271600
2019-09-10,167.330002,172.500000,166.889999,172.259995,169.859451,2407300
2019-09-11,172.800003,173.960007,169.690002,173.960007,171.535782,1642700
2019-09-12,174.089996,174.679993,171.410004,173.509995,171.092026,1520500
2019-09-13,174.899994,176.250000,173.009995,174.100006,171.673828,1456400
2019-09-16,172.380005,174.949997,171.009995,173.570007,171.151215,1546400
2019-09-17,172.369995,174.440002,171.139999,173.300003,170.884979,4053400
2019-09-18,153.300003,154.570007,148.500000,150.910004,148.806992,22812400
2019-09-19,150.220001,152.600006,149.500000,152.449997,150.325516,5557800
2019-09-20,153.360001,153.360001,148.449997,148.779999,146.706680,5606500
2019-09-23,147.539993,149.100006,145.460007,145.669998,143.639999,4084500
2019-09-24,145.929993,147.619995,142.490005,143.250000,141.253723,5502600
2019-09-25,143.149994,147.820007,143.149994,147.039993,144.990906,3551200
2019-09-26,147.270004,147.479996,144.470001,145.160004,143.137115,2033200
2019-09-27,145.669998,146.820007,143.910004,144.960007,142.939911,1967700
2019-09-30,145.309998,146.500000,144.960007,145.570007,143.541397,1693400
2019-10-01,145.589996,146.839996,140.619995,141.639999,139.666153,3434800
2019-10-02,140.160004,141.899994,139.100006,140.779999,138.818146,2740800
2019-10-03,140.500000,141.899994,138.589996,141.710007,139.735184,2300900
2019-10-04,141.789993,143.059998,140.690002,143.000000,141.007217,2166100
2019-10-07,141.839996,144.229996,141.130005,142.089996,140.109879,1778800
2019-10-08,140.800003,140.940002,138.380005,138.389999,136.461456,2382600
2019-10-09,138.830002,139.770004,137.779999,139.250000,137.309464,2212800
2019-10-10,139.539993,141.619995,139.149994,141.360001,139.390076,1751500
2019-10-11,143.169998,147.050003,143.169998,145.539993,143.511826,3947900
2019-10-14,145.110001,147.699997,144.389999,146.779999,144.734528,2388200
2019-10-15,147.600006,150.130005,147.179993,149.960007,147.870224,3187300
2019-10-16,150.029999,152.360001,149.750000,150.770004,148.668930,3425100
2019-10-17,151.380005,152.419998,150.479996,150.699997,148.599915,2585400
2019-10-18,150.479996,151.119995,149.190002,149.910004,147.820923,2789600
2019-10-21,150.679993,154.130005,150.089996,152.039993,149.921219,3459700
2019-10-22,151.320007,154.690002,149.850006,154.630005,152.475159,2975000
2019-10-23,154.389999,156.729996,153.690002,155.979996,153.806320,2174800
2019-10-24,156.300003,156.979996,153.039993,154.050003,151.903229,1712600
2019-10-25,153.800003,158.240005,153.509995,158.089996,155.886932,2080600
2019-10-28,158.899994,160.389999,157.169998,158.399994,156.192612,2597000
2019-10-29,158.929993,158.929993,156.800003,158.009995,155.808044,1464100
2019-10-30,157.750000,157.759995,154.020004,155.839996,153.668274,1576200
2019-10-31,155.000000,155.839996,151.619995,152.660004,150.532608,2110500
2019-11-01,154.160004,157.100006,153.960007,156.520004,154.338806,2129400
2019-11-04,159.850006,165.029999,159.500000,164.839996,162.542847,4303600
2019-11-05,164.600006,167.589996,163.009995,164.850006,162.552719,2510000
2019-11-06,164.559998,164.619995,161.910004,163.169998,160.896133,1767300
2019-11-07,165.460007,166.830002,163.470001,163.919998,161.635681,1978200
2019-11-08,163.800003,164.000000,161.600006,163.220001,160.945435,1152500
2019-11-11,161.960007,163.020004,161.330002,162.179993,159.919922,1063400
2019-11-12,162.350006,163.839996,160.759995,161.220001,158.973312,1279900
2019-11-13,160.000000,160.009995,156.149994,156.229996,154.052841,2211900
2019-11-14,155.820007,158.000000,155.479996,156.679993,154.496567,1826200
2019-11-15,157.270004,158.509995,156.350006,158.330002,156.123596,1596800
2019-11-18,157.130005,157.720001,154.500000,157.550003,155.354462,1794200
2019-11-19,158.210007,158.229996,155.169998,155.520004,153.352737,1524300
2019-11-20,155.000000,155.089996,151.550003,152.270004,150.148026,2476200
2019-11-21,152.500000,153.770004,151.750000,152.080002,149.960693,1595400
2019-11-22,152.309998,156.789993,152.259995,156.550003,154.368393,2226800
2019-11-25,157.410004,160.339996,156.389999,159.539993,157.316711,2505800
2019-11-26,159.710007,162.759995,158.630005,161.500000,159.249405,2769200
2019-11-27,161.750000,162.070007,160.210007,161.509995,159.259247,1645900
2019-11-29,161.110001,161.460007,159.830002,160.050003,157.819611,789400
2019-12-02,160.460007,163.699997,158.029999,158.029999,155.827759,2704500
2019-12-03,154.220001,154.470001,151.020004,151.139999,149.033783,3766100
2019-12-04,152.639999,155.690002,152.369995,153.869995,151.725723,2300800
2019-12-05,154.839996,154.889999,152.339996,153.940002,151.794769,1628200
2019-12-06,155.000000,157.289993,154.899994,156.610001,155.082382,2436200
2019-12-09,156.199997,157.479996,156.020004,156.509995,154.983337,1728200
2019-12-10,156.500000,158.139999,155.520004,157.000000,155.468582,1633600
2019-12-11,157.250000,159.520004,156.389999,159.080002,157.528290,1676000
2019-12-12,159.309998,165.820007,158.750000,164.889999,163.281616,2987300
2019-12-13,165.639999,167.869995,163.910004,165.669998,164.054001,2897200
2019-12-16,166.929993,168.369995,161.500000,164.100006,162.499329,5052100
2019-12-17,161.500000,164.779999,161.020004,163.229996,161.637802,5926900
2019-12-18,151.419998,152.770004,146.289993,146.860001,145.427475,21540900
2019-12-19,147.070007,148.820007,146.240005,147.020004,145.585922,5826300
2019-12-20,148.360001,148.550003,146.669998,148.119995,146.675186,5260300
2019-12-23,149.559998,152.759995,148.500000,151.690002,150.210373,4367700
2019-12-24,151.070007,152.380005,150.419998,150.779999,149.309250,1797200
2019-12-26,150.899994,152.779999,150.509995,152.490005,151.002563,2651300
2019-12-27,153.070007,154.110001,152.110001,152.529999,151.042175,2693000
2019-12-30,153.100006,153.300003,149.940002,150.139999,148.675491,2612600